 [Fe/H] [C/Fe]  [N/Fe]  [O/Fe]  [Na/Fe] [Mg/Fe] [Al/Fe] [Si/Fe] [K/Fe]  [Ca/Fe] [Ce/Fe]
-1.242  -9.999   0.820  -9.999  -9.999  -9.999   0.369   0.134  -9.999   0.244   0.323 
-1.148  -9.999  -9.999  -9.999  -9.999  -9.999  -0.197   0.113  -9.999   0.264  -9.999 
-1.146  -0.182  -9.999  -9.999  -9.999   0.311  -0.113   0.159   0.009   0.171   0.169 
-1.161  -9.999  -9.999  -9.999  -9.999  -9.999  -0.233   0.190  -9.999   0.159  -9.999 
-1.393  -9.999  -9.999  -9.999  -9.999  -9.999  -0.104   0.204  -9.999  -9.999  -9.999 
-0.962  -0.224   0.585  -9.999  -9.999   0.224  -0.048   0.069  -0.171   0.051   0.299 
-1.069  -0.340   1.040  -9.999  -9.999  -9.999   0.275   0.107   0.070   0.097  -9.999 
-1.334  -9.999  -9.999  -9.999  -9.999  -9.999  -0.016   0.246  -9.999   0.500  -9.999 
-1.194  -9.999   1.226  -9.999  -9.999  -9.999   0.504   0.138   0.146   0.264  -9.999 
-1.127   0.558  -9.999  -9.999  -9.999  -9.999   0.359   0.107  -9.999   0.298  -9.999 
-1.228  -9.999  -9.999  -9.999  -9.999  -9.999   0.096   0.198  -9.999   0.346  -9.999 
-1.358  -0.389  -9.999  -9.999  -9.999  -9.999   0.800   0.144  -9.999   0.394  -9.999 
-1.191  -9.999  -9.999  -9.999  -9.999  -9.999  -0.097   0.176  -9.999   0.387  -9.999 
-1.240  -0.405  -9.999   0.482  -9.999  -9.999  -0.193   0.131   0.025   0.216   0.068 
-1.182   0.440  -9.999  -9.999  -9.999  -9.999  -0.041   0.240  -9.999  -9.999  -9.999 
-1.114  -0.968   1.410  -9.999  -9.999  -9.999   0.723   0.132   0.036   0.170   0.053 
-1.214  -9.999  -9.999  -9.999  -9.999  -9.999  -0.346   0.026  -9.999   0.483  -9.999 
-1.332  -9.999  -9.999  -9.999  -9.999  -9.999  -0.036   0.216  -9.999   0.464  -9.999 
-1.031  -9.999  -9.999  -9.999  -9.999  -9.999  -0.116   0.198  -9.999  -9.999  -9.999 
-1.202  -0.279   0.490   0.565  -9.999   0.270  -0.138   0.144   0.098   0.224   0.070 
-1.200   0.687  -9.999  -9.999  -9.999  -9.999   0.020   0.221  -9.999   0.462  -9.999 
-1.216  -9.999  -9.999  -9.999  -9.999  -9.999  -0.159   0.142  -9.999  -9.999  -9.999 
-1.307   0.042   1.264  -9.999  -9.999  -9.999   0.168   0.104  -9.999   0.339  -9.999 
-1.265  -0.183  -9.999  -9.999  -9.999   0.288  -0.152   0.178  -0.098   0.189  -0.021 
-1.065  -9.999  -9.999  -9.999  -9.999  -9.999  -0.123  -0.040  -9.999  -9.999  -9.999 
-1.230  -9.999  -9.999  -9.999  -9.999  -9.999  -0.091   0.190  -9.999   0.385  -9.999 
-1.230  -9.999   1.287  -9.999  -9.999  -9.999   0.953   0.159   0.202   0.247  -9.999 
-1.087  -9.999  -9.999  -9.999  -9.999  -9.999  -9.999   0.058  -9.999  -9.999  -9.999 
-1.267  -9.999  -9.999  -9.999  -9.999   0.317  -0.166   0.136  -9.999   0.367  -9.999 
-1.146  -0.414   1.040   0.492  -9.999   0.236   0.211   0.121   0.100   0.195   0.215 
-1.139   0.541  -9.999  -9.999  -9.999  -9.999  -0.089   0.179  -9.999   0.263  -9.999 
-1.129  -9.999  -9.999  -9.999  -9.999  -9.999  -0.122   0.093  -9.999   0.303  -9.999 
-1.049  -0.011  -9.999  -9.999  -9.999  -9.999  -0.039   0.159  -9.999   0.277   0.356 
-1.307  -9.999  -9.999  -9.999  -9.999  -9.999  -0.001   0.285  -9.999  -9.999   1.067 
-1.109  -9.999  -9.999  -9.999  -9.999  -9.999   0.765   0.083   0.278   0.162  -9.999 
-1.368  -9.999  -9.999  -9.999  -9.999  -9.999  -9.999   0.251  -9.999  -9.999  -9.999 
-1.218   0.332  -9.999  -9.999  -9.999  -9.999  -0.070   0.182  -9.999   0.383  -9.999 
-1.271  -9.999  -9.999  -9.999  -9.999  -9.999  -0.202   0.211  -9.999   0.200  -9.999 
-1.037  -0.297   1.105  -9.999  -9.999  -9.999   0.843   0.151  -0.128   0.080   0.326 
-1.236  -9.999   1.487  -9.999  -9.999  -9.999   0.700   0.190   0.180   0.293   0.207 
-1.176   0.083  -9.999  -9.999  -9.999  -9.999   0.072   0.226  -9.999   0.310  -9.999 
-1.136  -0.223   0.577  -9.999  -9.999   0.258  -9.999   0.102   0.008   0.099   0.188 
-1.351  -9.999  -9.999  -9.999  -9.999  -9.999   0.435   0.265   0.812   0.626  -9.999 
-1.333   0.151  -9.999  -9.999  -9.999   0.299  -0.003   0.206  -9.999  -9.999  -9.999 
-1.117  -0.253   0.389  -9.999  -9.999   0.294   0.013   0.123   0.053   0.240   0.212 
-1.202   0.429   1.255  -9.999  -9.999  -9.999   0.754   0.147  -9.999   0.444  -9.999 
-1.252  -9.999  -9.999  -9.999  -9.999  -9.999   0.504   0.238  -9.999   0.427  -9.999 
-1.256  -9.999  -9.999  -9.999  -9.999  -9.999  -0.394   0.002  -9.999  -9.999  -9.999 
-1.362  -0.860   1.179  -0.038   0.415   0.121   0.712   0.154   0.041   0.278  -0.041 
-1.120  -0.211  -9.999  -9.999  -9.999  -9.999  -0.132   0.115   0.054   0.185   0.076 
-0.929  -9.999  -9.999  -9.999  -9.999  -9.999   0.115  -9.999  -9.999  -9.999  -9.999 
-1.236   0.115  -9.999  -9.999  -9.999   0.327  -0.065   0.168  -9.999   0.450   0.658 
-1.420   0.550  -9.999  -9.999  -9.999   0.448   0.009   0.284  -9.999   0.490  -9.999 
-1.368  -9.999  -9.999  -9.999  -9.999  -9.999  -0.084   0.201  -9.999   0.424  -9.999 
-1.142   0.008   0.693  -9.999  -9.999   0.208   0.197   0.158  -9.999   0.366   0.522 
-1.065  -9.999  -9.999  -9.999  -9.999  -9.999  -0.186  -9.999  -9.999  -9.999  -9.999 
-1.218   0.125  -9.999  -9.999  -9.999  -9.999  -0.150   0.175  -9.999   0.306  -9.999 
-1.049  -9.999  -9.999  -9.999  -9.999  -9.999  -9.999   0.297  -9.999  -9.999  -9.999 
-1.263  -0.623   1.134   0.284  -9.999   0.285   0.608   0.146   0.064   0.240   0.113 
-1.144  -9.999  -9.999  -9.999  -9.999  -9.999   0.495   0.180  -9.999   0.352  -9.999 
-1.387  -9.999  -9.999  -9.999  -9.999  -9.999  -0.132   0.336   1.109  -9.999  -9.999 
-1.176   0.137  -9.999  -9.999  -9.999  -9.999  -0.073   0.201  -9.999   0.476  -9.999 
-1.182  -9.999   1.037   0.404  -9.999   0.215   0.848   0.108  -9.999   0.094   0.235 
-1.212  -9.999  -9.999  -9.999  -9.999  -9.999   0.487   0.180   0.455  -9.999  -9.999 
-1.094  -9.999  -9.999  -9.999  -9.999  -9.999  -0.201   0.099  -9.999  -9.999  -9.999 
-1.309  -9.999  -9.999  -9.999  -9.999  -9.999  -0.133   0.206  -9.999   0.476  -9.999 
-1.244  -9.999   1.904  -9.999  -9.999  -9.999   0.469   0.108  -9.999  -9.999  -9.999 
-1.224  -9.999  -9.999  -9.999  -9.999  -9.999  -0.182   0.160  -9.999   0.319  -9.999 
-1.206  -0.549  -9.999   0.351   0.102  -9.999   0.464   0.147   0.182   0.175   0.072 
-1.057  -0.227   0.401  -9.999  -9.999   0.219  -0.196   0.072  -0.224   0.167  -9.999 
-1.108  -9.999  -9.999  -9.999  -9.999  -9.999  -0.141   0.151  -9.999   0.219  -9.999 
-1.184  -0.279   0.474   0.552  -9.999   0.284  -0.079   0.145   0.024   0.210   0.133 
-1.236  -0.456   0.816   0.414  -9.999   0.198  -0.310   0.150  -0.227  -0.208   0.076 
-1.183  -9.999   1.210  -9.999  -9.999  -9.999   0.549   0.112  -9.999   0.316  -9.999 
-1.250  -0.308   0.816  -9.999  -9.999   0.324  -0.215   0.201   0.160   0.052   0.237 
-1.049  -0.235  -9.999  -9.999  -9.999   0.209  -0.146   0.094  -9.999   0.168   0.311 
-1.100  -9.999   1.169  -9.999  -9.999   0.123   0.167   0.076   0.247   0.171  -9.999 
-0.814  -9.999  -9.999  -9.999  -9.999  -0.196  -0.933  -9.999  -9.999  -9.999  -9.999 
-1.137  -0.396   0.792   0.538  -9.999   0.266   0.168   0.116   0.053   0.274   0.077 
-1.296  -9.999  -9.999  -9.999  -9.999  -9.999   0.037   0.247  -9.999   0.283  -9.999 
-1.296  -9.999   1.127  -9.999  -9.999  -9.999  -0.220   0.245  -9.999   0.192  -9.999 
-1.084  -9.999  -9.999  -9.999  -9.999  -9.999  -9.999   0.146  -9.999  -9.999  -9.999 
-1.140  -0.445   0.429   0.476  -9.999   0.181  -0.216   0.107   0.071   0.089   0.128 
-1.247  -0.261   0.944  -9.999  -9.999  -9.999   0.200   0.193  -9.999   0.199  -9.999 
-1.339  -9.999  -9.999  -9.999  -9.999  -9.999  -0.140   0.224  -9.999   0.474  -9.999 
-1.148  -0.085   0.738  -9.999  -9.999   0.190   0.151   0.169   0.033   0.197   0.236 
-1.299  -0.217  -9.999   0.526  -9.999   0.294  -0.092   0.159   0.072   0.244   0.117 
-1.240  -9.999   0.804  -9.999  -9.999  -9.999  -0.245   0.157  -9.999   0.286   0.197 
-1.263  -0.507   1.239  -9.999  -9.999  -9.999   0.617   0.166   0.093   0.257   0.008 
-1.297  -0.420   1.258  -9.999  -9.999  -9.999   0.839   0.207   0.071   0.261  -9.999 
-1.308   0.259  -9.999  -9.999  -9.999   0.324  -9.999   0.213  -9.999   0.252  -9.999 
-1.147  -9.999  -9.999  -9.999  -9.999  -9.999   0.203   0.172  -9.999   0.216  -9.999 
-1.254  -0.527  -9.999  -9.999  -9.999  -9.999  -0.266   0.143   0.038   0.125   0.194 
-1.242  -9.999   1.590  -9.999  -9.999  -9.999   0.804   0.157  -9.999   0.453  -9.999 
-1.330   0.477  -9.999  -9.999  -9.999  -9.999  -0.185   0.100  -9.999  -9.999   0.731 
-1.141  -0.309  -9.999  -9.999  -9.999  -9.999  -0.083   0.154  -0.082   0.190   0.201 
-1.285  -9.999  -9.999  -9.999  -9.999  -9.999  -0.115   0.143  -9.999   0.271  -9.999 
-1.360  -9.999  -9.999  -9.999  -9.999  -9.999  -0.070   0.144  -9.999  -9.999  -9.999 
-1.214  -0.356   0.344   0.480   0.215   0.220  -0.077   0.164   0.179   0.164  -0.050 
-1.369  -0.028  -9.999  -9.999  -9.999  -9.999  -0.127   0.205  -9.999   0.397  -9.999 
-1.312   0.566  -9.999  -9.999  -9.999   0.345  -0.075   0.156  -9.999  -9.999  -9.999 
-1.348  -9.999  -9.999  -9.999  -9.999  -9.999  -0.200   0.123  -9.999   0.614  -9.999 
-1.315  -0.102  -9.999  -9.999  -9.999   0.358  -0.126   0.172  -9.999   0.281  -9.999 
-1.410  -9.999  -9.999  -9.999  -9.999  -9.999   0.613   0.198  -9.999  -9.999  -9.999 
-1.359  -0.293   0.818  -9.999   0.790   0.245   0.359   0.202   0.146   0.274   0.064 
-1.309  -9.999  -9.999   0.835  -9.999  -9.999   0.399   0.263  -9.999   0.483  -9.999 
-1.269  -9.999  -9.999  -9.999  -9.999   0.333  -0.049   0.177  -9.999   0.351  -9.999 
-1.331  -9.999  -9.999  -9.999  -9.999  -9.999   0.066   0.254  -9.999  -9.999  -9.999 
-1.341  -9.999  -9.999  -9.999  -9.999  -9.999  -0.315   0.128  -9.999  -9.999  -9.999 
-1.303   0.020  -9.999  -9.999  -9.999  -9.999   0.284   0.181  -9.999  -9.999  -9.999 
-1.249  -0.113  -9.999  -9.999  -9.999   0.314  -0.118   0.154  -9.999   0.288   0.357 
-1.204  -9.999  -9.999  -9.999  -9.999   0.281  -0.166   0.158  -0.208   0.308   0.252 
-1.466   0.833  -9.999  -9.999  -9.999  -9.999   0.845   0.251  -9.999   0.551  -9.999 
-1.145  -9.999   1.649  -9.999  -9.999  -9.999   0.305   0.089   0.366   0.417  -9.999 
-0.634  -9.999  -9.999  -9.999  -9.999  -9.999  -9.999  -9.999  -9.999  -9.999  -9.999 
-0.548  -9.999  -9.999  -9.999  -9.999   0.249  -9.999   0.169  -9.999  -9.999  -9.999 
-1.321  -9.999  -9.999  -9.999  -9.999  -9.999   0.361   0.289  -9.999   0.435   1.261 
-1.565   0.602  -9.999  -9.999  -9.999  -9.999  -0.046   0.213  -9.999   0.574  -9.999 
-1.271   0.358  -9.999  -9.999  -9.999  -9.999  -0.001   0.182  -9.999   0.416  -9.999 
-1.218  -0.694   1.223  -9.999   0.131   0.226   0.942   0.192   0.085   0.197   0.028 
-1.283  -9.999  -9.999  -9.999  -9.999  -9.999  -0.176   0.272  -9.999  -9.999  -9.999 
-1.351  -9.999  -9.999  -9.999  -9.999  -9.999  -0.136   0.167  -9.999   0.459  -9.999 
-1.224  -9.999  -9.999  -9.999  -9.999  -9.999   0.527   0.170   0.741  -9.999   1.182 
-1.127  -9.999  -9.999  -9.999  -9.999  -9.999  -0.138   0.205  -9.999  -9.999  -9.999 
-1.168  -9.999  -9.999  -9.999  -9.999  -9.999  -0.138   0.189  -9.999  -9.999  -9.999 
-0.724  -9.999  -9.999  -9.999  -9.999  -9.999  -0.289  -0.270  -9.999  -9.999  -9.999 
-1.158   1.051   0.594  -9.999  -9.999  -9.999  -0.238   0.050  -9.999  -9.999   1.780 
-1.307  -0.442   0.720  -9.999  -9.999  -9.999  -0.234   0.181  -9.999   0.120   0.199 
-1.262   0.244  -9.999  -9.999  -9.999   0.369   0.039   0.165  -9.999   0.543  -9.999 
-1.466  -0.091  -9.999  -9.999  -9.999  -9.999  -0.072   0.162  -9.999   0.531  -9.999 
-1.436  -0.069   1.232  -9.999  -9.999  -9.999   0.034   0.178  -9.999   0.499  -9.999 
-1.300   0.586  -9.999  -9.999  -9.999  -9.999  -0.113   0.187  -9.999   0.447  -9.999 
-1.226  -9.999  -9.999  -9.999  -9.999  -9.999   0.092   0.242   0.330   0.270  -9.999 
-1.260  -9.999  -9.999  -9.999  -9.999  -9.999  -0.199   0.101  -9.999  -9.999  -9.999 
-1.254  -0.298   0.440   0.482  -9.999   0.409   0.039   0.210   0.106   0.302   0.052 
-1.446  -0.692   1.161   0.222  -9.999   0.336   0.503   0.202   0.088   0.260   0.012 
-1.334  -9.999  -9.999  -9.999  -9.999  -9.999  -0.139   0.128  -9.999  -9.999  -9.999 
-1.400  -9.999  -9.999  -9.999  -9.999  -9.999  -0.184   0.162  -9.999   0.406  -9.999 
-1.313  -9.999  -9.999  -9.999  -9.999   0.415  -0.018   0.172  -9.999   0.380  -9.999 
-1.315  -0.096  -9.999  -9.999  -9.999  -9.999  -0.239   0.160  -9.999   0.424  -9.999 
-1.301  -9.999  -9.999  -9.999  -9.999  -9.999  -0.383   0.158  -9.999  -9.999  -9.999 
-1.187  -0.088  -9.999  -9.999  -9.999  -9.999  -0.315   0.198   0.313   0.182   0.358 
-1.340  -9.999  -9.999  -9.999  -9.999  -9.999  -0.071   0.278  -9.999   0.563  -9.999 
-1.118  -0.392  -9.999  -9.999  -9.999   0.215  -0.263   0.132   0.024   0.055   0.185 
-1.156  -9.999  -9.999  -9.999  -9.999  -9.999  -0.207   0.168  -9.999   0.280   0.578 
-1.129  -9.999  -9.999  -9.999  -9.999  -9.999  -0.132  -9.999  -9.999   0.470  -9.999 
-1.062  -0.915   1.365   0.404   0.429   0.006   0.874   0.111  -0.142  -0.067   0.080 
-1.468  -9.999  -9.999  -9.999  -9.999  -9.999  -0.105   0.296  -9.999   0.488  -9.999 
-1.226  -9.999   1.851  -9.999  -9.999  -9.999  -9.999   0.248  -9.999   0.283  -9.999 
-0.929  -9.999  -9.999  -9.999  -9.999  -9.999  -0.417   0.151  -9.999  -9.999  -9.999 
-1.212  -9.999  -9.999  -9.999  -9.999  -9.999   0.948   0.324  -9.999   0.158  -9.999 
-1.559  -9.999  -9.999  -9.999  -9.999  -9.999  -9.999   0.107  -9.999  -9.999  -9.999 
-1.039  -9.999  -9.999  -9.999  -9.999  -9.999   0.157   0.113  -9.999  -9.999  -9.999 
-1.272  -9.999  -9.999  -9.999  -9.999  -9.999  -0.246   0.283  -9.999   0.692  -9.999 
-1.075  -9.999  -9.999  -9.999  -9.999  -9.999   0.179  -9.999  -9.999  -9.999  -9.999 
-1.510  -9.999  -9.999  -9.999  -9.999  -9.999  -9.999  -9.999  -9.999  -9.999  -9.999 
-1.337  -9.999  -9.999  -9.999  -9.999  -9.999  -0.147   0.248  -9.999   0.325  -9.999 
-0.831  -9.999  -9.999  -9.999  -9.999  -9.999  -9.999  -9.999   0.976  -9.999  -9.999 
-1.456  -9.999  -9.999  -9.999  -9.999  -9.999  -9.999  -9.999  -9.999  -9.999  -9.999 
-1.581  -9.999  -9.999  -9.999  -9.999  -9.999  -0.007   0.330  -9.999  -9.999  -9.999 
-1.325  -9.999  -9.999  -9.999  -9.999  -9.999  -0.125   0.350  -9.999  -9.999  -9.999 
-1.054  -9.999  -9.999  -9.999  -9.999  -9.999  -0.262   0.136  -9.999  -9.999  -9.999 
-1.004  -9.999  -9.999  -9.999  -9.999  -9.999  -0.088   0.183   0.422   0.112  -9.999 
-1.157  -9.999  -9.999  -9.999  -9.999  -9.999  -0.121   0.226  -9.999   0.335   0.618 
