# File generated by CMD 3.3 (http://stev.oapd.inaf.it/cmd) on Mon Apr 13 18:55:53 CEST 2020
# isochrones based on PARSEC release v1.2S +  COLIBRI S_35
# Basic references: Bressan et al. (2012), MNRAS, 427, 127 + Chen et al. (2014, 2015), MNRAS, 444, 2525 + MNRAS, 452, 1068 + Tang et al. (2014), MNRAS, 445, 4287 + Marigo et al. (2017), ApJ, 835, 77 + Pastorelli al. (2019), MNRAS in press
# Thermal pulse cycles included
# On RGB, assumed Reimers mass loss with efficiency eta=0.2
# Photometric system: Gaia's DR2 G, G_BP and G_RP (Vegamags, Gaia passbands from Evans et al. 2018)
# Using YBC version of bolometric corrections as in Chen et al. (2019)
# O-rich circumstellar dpmod60alox40 dust from Groenewegen (2006)
# C-rich circumstellar AMCSIC15 dust from Groenewegen (2006)
# IMF: Kroupa (2001, 2002) + Kroupa et al. (2013) canonical two-part-power law IMF corrected for unresolved binaries
# Kind of output: isochrone tables
Zini     MH   logAge Mini        int_IMF         Mass   logL    logTe  logg  label   McoreTP C_O  period0 period1 pmode  Mloss  tau1m   X   Y   Xc  Xn  Xo  Cexcess  Z 	 mbolmag  Gaia_G    Gaia_BP  Gaia_RP
0.00089016 -1.24100 10.04532 0.0900000036 1.0816895962    0.090 -3.207  3.4598  5.391    1  0.000  0.545     0.00     0.00 -1 -5.25e-17      0.00 7.471e-01 2.520e-01 1.647e-04 4.444e-05 4.031e-04 -1.000 9.161e-04 12.788 13.821 16.024 12.563
0.00089016 -1.24100 10.04532 0.0969763771 1.1453409195    0.097 -3.023  3.4861  5.344    1  0.000  0.545     0.00     0.00 -1 -8.16e-17      0.00 7.461e-01 2.530e-01 1.647e-04 4.444e-05 4.031e-04 -1.000 9.161e-04 12.327 13.198 14.935 12.020
0.00089016 -1.24100 10.04532 0.1000000015 1.1711064577    0.100 -2.947  3.4969  5.324    1  0.000  0.545     0.00     0.00 -1 -9.78e-17      0.00 7.457e-01 2.534e-01 1.647e-04 4.444e-05 4.031e-04 -1.000 9.161e-04 12.137 12.941 14.516 11.799
0.00089016 -1.24100 10.04532 0.1143593490 1.2809618711    0.114 -2.738  3.5208  5.269    1  0.000  0.545     0.00     0.00 -1 -1.58e-16      0.00 7.441e-01 2.550e-01 1.647e-04 4.444e-05 4.031e-04 -1.000 9.161e-04 11.614 12.273 13.561 11.212
0.00089016 -1.24100 10.04532 0.1199999973 1.3193154335    0.120 -2.663  3.5294  5.249    1  0.000  0.545     0.00     0.00 -1 -1.87e-16      0.00 7.435e-01 2.555e-01 1.647e-04 4.444e-05 4.031e-04 -1.000 9.161e-04 11.427 12.036 13.246 11.002
0.00089016 -1.24100 10.04532 0.1400000006 1.4384527206    0.140 -2.481  3.5456  5.199    1  0.000  0.545     0.00     0.00 -1 -2.79e-16      0.00 7.419e-01 2.572e-01 1.647e-04 4.444e-05 4.031e-04 -1.000 9.161e-04 10.973 11.495 12.580 10.508
0.00089016 -1.24100 10.04532 0.1599999964 1.5372931957    0.160 -2.342  3.5559  5.159    1  0.000  0.545     0.00     0.00 -1 -3.77e-16      0.00 7.407e-01 2.584e-01 1.647e-04 4.444e-05 4.031e-04 -1.000 9.161e-04 10.624 11.093 12.109 10.135
0.00089016 -1.24100 10.04532 0.2000000179 1.6938792467    0.200 -2.121  3.5699  5.092    1  0.000  0.545     0.00     0.00 -1 -6.05e-16      0.00 7.393e-01 2.597e-01 1.647e-04 4.444e-05 4.031e-04 -1.000 9.161e-04 10.073 10.476 11.410 9.555
0.00089016 -1.24100 10.04532 0.2500000298 1.8403259516    0.250 -1.916  3.5811  5.029    1  0.000  0.545     0.00     0.00 -1 -1.58e-16      0.00 7.391e-01 2.600e-01 1.647e-04 4.444e-05 4.031e-04 -1.000 9.161e-04 9.561 9.918 10.795 9.024
0.00089016 -1.24100 10.04532 0.3000000417 1.9529141188    0.300 -1.759  3.5896  4.985    1  0.000  0.545     0.00     0.00 -1  -1.2e-16      0.00 7.392e-01 2.598e-01 1.647e-04 4.444e-05 4.031e-04 -1.000 9.161e-04 9.168 9.493 10.331 8.620
0.00089016 -1.24100 10.04532 0.3500000238 2.0434176922    0.350 -1.631  3.5968  4.953    1  0.000  0.545     0.00     0.00 -1 -1.66e-15      0.00 7.467e-01 2.524e-01 1.647e-04 4.444e-05 4.031e-04 -1.000 9.160e-04 8.849 9.148 9.955 8.292
0.00089016 -1.24100 10.04532 0.4000000358 2.1185026169    0.400 -1.483  3.6079  4.906    1  0.000  0.545     0.00     0.00 -1  -2.3e-15      0.00 7.491e-01 2.499e-01 1.647e-04 4.444e-05 4.031e-04 -1.000 9.161e-04 8.477 8.738 9.499 7.908
0.00089016 -1.24100 10.04532 0.4500000179 2.1822810173    0.450 -1.307  3.6255  4.851    1  0.000  0.545     0.00     0.00 -1 -3.47e-15      0.00 7.492e-01 2.499e-01 1.647e-04 4.444e-05 4.031e-04 -1.000 9.160e-04 8.036 8.241 8.931 7.454
0.00089016 -1.24100 10.04532 0.5000000000 2.2374541759    0.500 -1.105  3.6535  4.808    1  0.000  0.545     0.00     0.00 -1 -5.51e-15      0.00 7.492e-01 2.499e-01 1.647e-04 4.444e-05 4.031e-04 -1.000 9.160e-04 7.532 7.650 8.234 6.934
0.00089016 -1.24100 10.04532 0.5194221139 2.2566180229    0.519 -1.017  3.6654  4.785    1  0.000  0.545     0.00     0.00 -1 -6.79e-15      0.00 7.619e-01 2.373e-01 1.569e-04 4.235e-05 3.842e-04 -1.000 8.697e-04 7.313 7.396 7.937 6.712
0.00089016 -1.24100 10.04532 0.5500000715 2.2836585045    0.550 -0.886  3.6834  4.750    1  0.000  0.544     0.00     0.00 -1 -9.29e-15      0.00 7.811e-01 2.181e-01 1.452e-04 3.919e-05 3.556e-04 -1.000 7.974e-04 6.985 7.019 7.502 6.380
0.00089016 -1.24100 10.04532 0.6000000238 2.3211214542    0.600 -0.682  3.7115  4.696    1  0.000  0.544     0.00     0.00 -1 -1.51e-14      0.00 7.899e-01 2.093e-01 1.401e-04 3.784e-05 3.435e-04 -1.000 7.735e-04 6.475 6.451 6.860 5.875
0.00089016 -1.24100 10.04532 0.6135512590 2.3300733566    0.613 -0.625  3.7201  4.683    1  0.000  0.544     0.00     0.00 -1 -1.73e-14      0.00 7.926e-01 2.067e-01 1.386e-04 3.743e-05 3.398e-04 -1.000 7.858e-04 6.332 6.297 6.685 5.738
0.00089016 -1.24100 10.04532 0.6286278367 2.3395130634    0.628 -0.561  3.7295  4.667    1  0.000  0.543     0.00     0.00 -1 -2.02e-14      0.00 7.956e-01 2.036e-01 1.368e-04 3.696e-05 3.356e-04 -1.000 7.679e-04 6.173 6.128 6.495 5.588
0.00089016 -1.24100 10.04532 0.6415626407 2.3472063541    0.641 -0.507  3.7374  4.653    1  0.000  0.543     0.00     0.00 -1 -2.27e-14      0.00 7.983e-01 2.009e-01 1.352e-04 3.655e-05 3.319e-04 -1.000 8.117e-04 6.036 5.985 6.336 5.460
0.00089016 -1.24100 10.04532 0.6499999762 2.3520355225    0.650 -0.471  3.7425  4.643    1  0.000  0.543     0.00     0.00 -1 -2.51e-14      0.00 8.002e-01 1.990e-01 1.342e-04 3.627e-05 3.294e-04 -1.000 7.414e-04 5.946 5.892 6.232 5.377
0.00089016 -1.24100 10.04532 0.6520364881 2.3531794548    0.652 -0.462  3.7436  4.640    1  0.000  0.543     0.00     0.00 -1 -2.56e-14      0.00 8.008e-01 1.985e-01 1.339e-04 3.619e-05 3.286e-04 -1.000 7.339e-04 5.925 5.870 6.207 5.357
0.00089016 -1.24100 10.04532 0.6661543846 2.3608899117    0.666 -0.402  3.7513  4.620    1  0.000  0.543     0.00     0.00 -1 -2.98e-14      0.00 8.046e-01 1.947e-01 1.317e-04 3.561e-05 3.234e-04 -1.000 7.329e-04 5.774 5.716 6.037 5.220
0.00089016 -1.24100 10.04532 0.6795578003 2.3678703308    0.679 -0.343  3.7584  4.599    1  0.000  0.543     0.00     0.00 -1 -3.46e-14      0.00 8.085e-01 1.908e-01 1.295e-04 3.503e-05 3.182e-04 -1.000 7.329e-04 5.629 5.570 5.875 5.089
0.00089016 -1.24100 10.04532 0.6919667125 2.3740563393    0.692 -0.289  3.7647  4.578    1  0.000  0.542     0.00     0.00 -1 -3.99e-14      0.00 8.123e-01 1.870e-01 1.274e-04 3.445e-05 3.131e-04 -1.000 7.309e-04 5.492 5.434 5.726 4.967
0.00089016 -1.24100 10.04532 0.6999999881 2.3779268265    0.700 -0.253  3.7687  4.563    1  0.000  0.542     0.00     0.00 -1 -4.38e-14      0.00 8.149e-01 1.844e-01 1.259e-04 3.406e-05 3.096e-04 -1.000 7.329e-04 5.402 5.344 5.628 4.886
0.00089016 -1.24100 10.04532 0.7011947036 2.3784937859    0.701 -0.247  3.7693  4.560    1  0.000  0.542     0.00     0.00 -1 -4.45e-14      0.00 8.153e-01 1.839e-01 1.256e-04 3.399e-05 3.090e-04 -1.000 7.317e-04 5.389 5.331 5.614 4.874
0.00089016 -1.24100 10.04532 0.7101375461 2.3826677799    0.710 -0.206  3.7735  4.541    1  0.000  0.540     0.00     0.00 -1 -4.96e-14      0.00 8.190e-01 1.803e-01 1.232e-04 3.343e-05 3.041e-04 -1.000 6.987e-04 5.285 5.229 5.503 4.781
0.00089016 -1.24100 10.04532 0.7221472263 2.3880865574    0.722 -0.149  3.7789  4.513    1  0.000  0.538     0.00     0.00 -1 -5.79e-14      0.00 8.243e-01 1.751e-01 1.199e-04 3.263e-05 2.970e-04 -1.000 6.503e-04 5.143 5.088 5.351 4.652
0.00089016 -1.24100 10.04532 0.7332436442 2.3929121494    0.733 -0.094  3.7837  4.484    1  0.000  0.536     0.00     0.00 -1 -6.74e-14      0.00 8.294e-01 1.700e-01 1.166e-04 3.185e-05 2.900e-04 -1.000 6.329e-04 5.006 4.953 5.207 4.527
0.00089016 -1.24100 10.04532 0.7437397242 2.3973248005    0.743 -0.040  3.7881  4.453    1  0.000  0.534     0.00     0.00 -1 -7.86e-14      0.00 8.345e-01 1.648e-01 1.134e-04 3.106e-05 2.831e-04 -1.000 6.328e-04 4.870 4.818 5.064 4.402
0.00089016 -1.24100 10.04532 0.7500000000 2.3998889923    0.750 -0.007  3.7905  4.433    1  0.000  0.533     0.00     0.00 -1 -8.64e-14      0.00 8.377e-01 1.616e-01 1.114e-04 3.057e-05 2.787e-04 -1.000 6.328e-04 4.786 4.736 4.977 4.325
0.00089016 -1.24100 10.04532 0.7594824433 2.4036808014    0.759  0.047  3.7940  4.400    1  0.000  0.532     0.00     0.00 -1 -1.01e-13      0.00 8.423e-01 1.571e-01 1.089e-04 2.992e-05 2.730e-04 -1.000 6.329e-04 4.654 4.604 4.839 4.201
0.00089016 -1.24100 10.04532 0.7688731551 2.4073300362    0.768  0.103  3.7972  4.362    1  0.000  0.531     0.00     0.00 -1 -1.19e-13      0.00 8.465e-01 1.529e-01 1.069e-04 2.937e-05 2.681e-04 -1.000 6.328e-04 4.513 4.464 4.693 4.068
0.00089016 -1.24100 10.04532 0.7775250077 2.4106025696    0.777  0.158  3.8000  4.322    1  0.000  0.531     0.00     0.00 -1 -1.41e-13      0.00 8.499e-01 1.495e-01 1.053e-04 2.894e-05 2.643e-04 -1.000 6.328e-04 4.375 4.326 4.550 3.937
0.00089016 -1.24100 10.04532 0.7855725288 2.4135720730    0.785  0.212  3.8023  4.282    1  0.000  0.530     0.00     0.00 -1 -1.66e-13      0.00 8.526e-01 1.467e-01 1.040e-04 2.862e-05 2.615e-04 -1.000 6.262e-04 4.239 4.190 4.411 3.807
0.00089016 -1.24100 10.04532 0.7927653790 2.4161679745    0.792  0.264  3.8039  4.240    1  0.000  0.530     0.00     0.00 -1 -1.95e-13      0.00 8.545e-01 1.449e-01 1.033e-04 2.843e-05 2.599e-04 -1.000 6.315e-04 4.111 4.061 4.279 3.682
0.00089016 -1.24100 10.04532 0.7990686893 2.4183983803    0.798  0.312  3.8048  4.199    1  0.000  0.530     0.00     0.00 -1 -2.29e-13      0.00 8.547e-01 1.446e-01 1.034e-04 2.846e-05 2.602e-04 -1.000 6.470e-04 3.989 3.939 4.155 3.562
0.00089016 -1.24100 10.04532 0.8000000119 2.4187245369    0.799  0.320  3.8049  4.193    1  0.000  0.530     0.00     0.00 -1 -2.34e-13      0.00 8.547e-01 1.446e-01 1.034e-04 2.847e-05 2.603e-04 -1.000 6.493e-04 3.971 3.921 4.136 3.544
0.00089016 -1.24100 10.04532 0.8007556796 2.4189884663    0.800  0.326  3.8050  4.188    1  0.000  0.530     0.00     0.00 -1 -2.39e-13      0.00 8.546e-01 1.448e-01 1.036e-04 2.851e-05 2.606e-04 -1.000 6.497e-04 3.956 3.906 4.121 3.530
0.00089016 -1.24100 10.04532 0.8009698987 2.4190633297    0.800  0.327  3.8051  4.186    1  0.000  0.530     0.00     0.00 -1  -2.4e-13      0.00 8.545e-01 1.448e-01 1.036e-04 2.852e-05 2.607e-04 -1.000 6.496e-04 3.952 3.901 4.117 3.525
0.00089016 -1.24100 10.04532 0.8030721545 2.4197943211    0.802  0.346  3.8049  4.168    1  0.000  0.530     0.00     0.00 -1 -2.55e-13      0.00 8.540e-01 1.453e-01 1.040e-04 2.863e-05 2.617e-04 -1.000 6.496e-04 3.906 3.855 4.070 3.479
0.00089016 -1.24100 10.04532 0.8090891242 2.4218621254    0.808  0.401  3.8038  4.111    1  0.000  0.530     0.00     0.00 -1 -3.07e-13      0.00 8.526e-01 1.468e-01 1.051e-04 2.893e-05 2.645e-04 -1.000 6.496e-04 3.767 3.715 3.932 3.337
0.00089016 -1.24100 10.04532 0.8141530752 2.4235754013    0.813  0.454  3.8011  4.051    1  0.000  0.530     0.00     0.00 -1 -3.71e-13      0.00 8.514e-01 1.480e-01 1.060e-04 2.919e-05 2.668e-04 -1.000 6.497e-04 3.636 3.583 3.804 3.200
0.00089016 -1.24100 10.04532 0.8150137663 2.4238641262    0.814  0.463  3.8004  4.039    1  0.000  0.530     0.00     0.00 -1 -3.85e-13      0.00 8.512e-01 1.482e-01 1.062e-04 2.923e-05 2.672e-04 -1.000 6.496e-04 3.612 3.559 3.781 3.174
0.00089016 -1.24100 10.04532 0.8166271448 2.4244036674    0.815  0.483  3.7983  4.011    2  0.000  0.530     0.00     0.00 -1 -4.16e-13      0.00 8.508e-01 1.486e-01 1.065e-04 2.931e-05 2.680e-04 -1.000 6.497e-04 3.562 3.508 3.734 3.120
0.00089016 -1.24100 10.04532 0.8197802901 2.4254505634    0.818  0.526  3.7924  3.947    2  0.000  0.530     0.00     0.00 -1 -4.91e-13      0.00 8.500e-01 1.493e-01 1.070e-04 2.947e-05 2.694e-04 -1.000 6.497e-04 3.456 3.400 3.636 3.000
0.00089016 -1.24100 10.04532 0.8220391870 2.4261951447    0.820  0.560  3.7852  3.885    2  0.000  0.530     0.00     0.00 -1 -5.71e-13      0.00 8.466e-01 1.528e-01 1.095e-04 3.013e-05 2.754e-04 -1.000 6.060e-04 3.370 3.313 3.561 2.897
0.00089016 -1.24100 10.04532 0.8237199783 2.4267461300    0.822  0.588  3.7772  3.826    2  0.000  0.531     0.00     0.00 -1  -6.5e-13      0.00 8.288e-01 1.706e-01 1.204e-04 3.309e-05 3.021e-04 -1.000 6.466e-04 3.300 3.243 3.505 2.811
0.00089016 -1.24100 10.04532 0.8252810240 2.4272553921    0.824  0.614  3.7673  3.761    2  0.000  0.533     0.00     0.00 -1 -7.45e-13      0.00 8.023e-01 1.969e-01 1.349e-04 3.699e-05 3.371e-04 -1.000 7.569e-04 3.234 3.178 3.458 2.725
0.00089016 -1.24100 10.04532 0.8263906240 2.4276161194    0.825  0.637  3.7587  3.704    2  0.000  0.535     0.00     0.00 -1 -8.38e-13      0.00 7.853e-01 2.139e-01 1.435e-04 3.928e-05 3.575e-04 -1.000 8.117e-04 3.177 3.123 3.420 2.652
0.00089016 -1.24100 10.04532 0.8274028897 2.4279441833    0.826  0.667  3.7505  3.641    2  0.000  0.536     0.00     0.00 -1 -9.64e-13      0.00 7.750e-01 2.241e-01 1.486e-04 4.066e-05 3.698e-04 -1.000 8.350e-04 3.101 3.051 3.364 2.563
0.00089016 -1.24100 10.04532 0.8281893730 2.4281983376    0.826  0.702  3.7448  3.584    2  0.000  0.536     0.00     0.00 -1 -1.11e-12      0.00 7.697e-01 2.294e-01 1.513e-04 4.137e-05 3.761e-04 -1.000 8.602e-04 3.015 2.968 3.293 2.470
0.00089016 -1.24100 10.04532 0.8289437890 2.4284417629    0.827  0.744  3.7401  3.524    2  0.000  0.537     0.00     0.00 -1 -1.31e-12      0.00 7.659e-01 2.332e-01 1.532e-04 4.187e-05 3.806e-04 -1.000 8.993e-04 2.910 2.867 3.200 2.359
0.00089016 -1.24100 10.04532 0.8290618658 2.4284799099    0.827  0.752  3.7396  3.514    2  0.000  0.537     0.00     0.00 -1 -1.36e-12      0.00 7.654e-01 2.337e-01 1.534e-04 4.192e-05 3.810e-04 -1.000 9.012e-04 2.890 2.847 3.181 2.338
0.00089016 -1.24100 10.04532 0.8296831846 2.4286799431    0.828  0.797  3.7368  3.458    3  0.000  0.537     0.00     0.00 -1  -1.6e-12      0.00 7.628e-01 2.363e-01 1.544e-04 4.220e-05 3.835e-04 -1.000 8.991e-04 2.777 2.737 3.076 2.222
0.00089016 -1.24100 10.04532 0.8302066922 2.4288480282    0.828  0.839  3.7347  3.408    3  0.000  0.537     0.00     0.00 -1 -1.86e-12      0.00 7.608e-01 2.383e-01 1.551e-04 4.239e-05 3.852e-04 -1.000 8.525e-04 2.673 2.635 2.979 2.117
0.00089016 -1.24100 10.04532 0.8307875991 2.4290344715    0.829  0.889  3.7326  3.350    3  0.000  0.537     0.00     0.00 -1 -2.23e-12      0.00 7.587e-01 2.405e-01 1.558e-04 4.257e-05 3.868e-04 -1.000 8.934e-04 2.549 2.513 2.860 1.991
0.00089016 -1.24100 10.04532 0.8313243985 2.4292063713    0.829  0.939  3.7308  3.293    3  0.000  0.537     0.00     0.00 -1 -2.68e-12      0.00 7.566e-01 2.425e-01 1.562e-04 4.273e-05 3.881e-04 -1.000 8.401e-04 2.423 2.390 2.741 1.864
0.00089016 -1.24100 10.04532 0.8318630457 2.4293787479    0.830  0.993  3.7290  3.232    3  0.000  0.536     0.00     0.00 -1 -3.25e-12      0.00 7.544e-01 2.447e-01 1.565e-04 4.290e-05 3.892e-04 -1.000 8.714e-04 2.287 2.256 2.610 1.727
0.00089016 -1.24100 10.04532 0.8323400021 2.4295310974    0.830  1.046  3.7273  3.172    3  0.000  0.534     0.00     0.00 -1 -3.93e-12      0.00 7.525e-01 2.466e-01 1.563e-04 4.317e-05 3.900e-04 -1.000 8.584e-04 2.155 2.126 2.483 1.594
0.00089016 -1.24100 10.04532 0.8327446580 2.4296603203    0.830  1.095  3.7258  3.118    3  0.000  0.532     0.00     0.00 -1 -4.68e-12      0.00 7.508e-01 2.483e-01 1.557e-04 4.364e-05 3.907e-04 -1.000 8.808e-04 2.033 2.006 2.367 1.472
0.00089016 -1.24100 10.04532 0.8330613971 2.4297611713    0.831  1.136  3.7245  3.071    3  0.000  0.529     0.00     0.00 -1 -5.43e-12      0.00 7.496e-01 2.495e-01 1.551e-04 4.424e-05 3.911e-04 -1.000 8.610e-04 1.931 1.905 2.268 1.368
0.00089016 -1.24100 10.04532 0.8334121108 2.4298729897    0.831  1.185  3.7229  3.016    3  0.000  0.525     0.00     0.00 -1 -6.49e-12      0.00 7.483e-01 2.508e-01 1.541e-04 4.525e-05 3.915e-04 -1.000 8.653e-04 1.807 1.783 2.150 1.244
0.00089016 -1.24100 10.04532 0.8337473273 2.4299795628    0.831  1.237  3.7212  2.957    3  0.000  0.520     0.00     0.00 -1 -7.82e-12      0.00 7.471e-01 2.520e-01 1.528e-04 4.660e-05 3.918e-04 -1.000 8.797e-04 1.677 1.656 2.025 1.113
0.00089016 -1.24100 10.04532 0.8340510130 2.4300761223    0.831  1.289  3.7194  2.899    3  0.000  0.516     0.00     0.00 -1 -9.42e-12      0.00 7.461e-01 2.530e-01 1.516e-04 4.796e-05 3.921e-04 -1.000 9.059e-04 1.548 1.529 1.903 0.983
0.00089016 -1.24100 10.04532 0.8343160748 2.4301602840    0.831  1.338  3.7177  2.842    3  0.000  0.513     0.00     0.00 -1 -1.13e-11      0.00 7.454e-01 2.538e-01 1.507e-04 4.909e-05 3.923e-04 -1.000 8.671e-04 1.425 1.408 1.786 0.859
0.00089016 -1.24100 10.04532 0.8345557451 2.4302363396    0.831  1.387  3.7159  2.787    3  0.000  0.510     0.00     0.00 -1 -1.34e-11      0.00 7.448e-01 2.543e-01 1.500e-04 4.994e-05 3.924e-04 -1.000 8.850e-04 1.303 1.290 1.671 0.736
0.00089016 -1.24100 10.04532 0.8347712755 2.4303047657    0.832  1.434  3.7141  2.732    3  0.000  0.508     0.00     0.00 -1  -1.6e-11      0.00 7.445e-01 2.547e-01 1.494e-04 5.058e-05 3.925e-04 -1.000 8.807e-04 1.184 1.173 1.559 0.616
0.00089016 -1.24100 10.04532 0.8349714279 2.4303681850    0.832  1.483  3.7122  2.676    3  0.000  0.507     0.00     0.00 -1  -1.9e-11      0.00 7.442e-01 2.549e-01 1.491e-04 5.096e-05 3.925e-04 -1.000 8.915e-04 1.063 1.055 1.444 0.494
0.00089016 -1.24100 10.04532 0.8351485729 2.4304244518    0.832  1.530  3.7102  2.621    3  0.000  0.506     0.00     0.00 -1 -2.26e-11      0.00 7.441e-01 2.550e-01 1.490e-04 5.112e-05 3.925e-04 -1.000 8.919e-04 0.945 0.940 1.334 0.376
0.00089016 -1.24100 10.04532 0.8353137970 2.4304766655    0.832  1.578  3.7082  2.565    3  0.000  0.506     0.00     0.00 -1 -2.69e-11      0.00 7.441e-01 2.550e-01 1.490e-04 5.116e-05 3.926e-04 -1.000 8.922e-04 0.826 0.824 1.223 0.256
0.00089016 -1.24100 10.04532 0.8354598284 2.4305229187    0.831  1.624  3.7063  2.511    3  0.000  0.506     0.00     0.00 -1 -3.18e-11      0.00 7.441e-01 2.550e-01 1.490e-04 5.118e-05 3.926e-04 -1.000 8.923e-04 0.710 0.713 1.116 0.140
0.00089016 -1.24100 10.04532 0.8355900049 2.4305641651    0.831  1.669  3.7043  2.458    3  0.000  0.506     0.00     0.00 -1 -3.75e-11      0.00 7.441e-01 2.550e-01 1.490e-04 5.119e-05 3.926e-04 -1.000 8.926e-04 0.598 0.604 1.012 0.027
0.00089016 -1.24100 10.04532 0.8357107043 2.4306023121    0.831  1.714  3.7023  2.405    3  0.000  0.506     0.00     0.00 -1 -4.43e-11      0.00 7.441e-01 2.551e-01 1.489e-04 5.121e-05 3.926e-04 -1.000 8.928e-04 0.486 0.494 0.908 -0.087
0.00089016 -1.24100 10.04532 0.8358178139 2.4306361675    0.831  1.757  3.7002  2.354    3  0.000  0.506     0.00     0.00 -1 -5.19e-11      0.00 7.440e-01 2.551e-01 1.489e-04 5.123e-05 3.926e-04 -1.000 8.930e-04 0.378 0.389 0.808 -0.196
0.00089016 -1.24100 10.04532 0.8359187841 2.4306681156    0.831  1.801  3.6981  2.301    3  0.000  0.506     0.00     0.00 -1  -6.1e-11      0.00 7.440e-01 2.551e-01 1.489e-04 5.124e-05 3.926e-04 -1.000 8.932e-04 0.268 0.283 0.707 -0.307
0.00089016 -1.24100 10.04532 0.8360098004 2.4306969643    0.831  1.843  3.6961  2.250    3  0.000  0.506     0.00     0.00 -1 -7.13e-11      0.00 7.440e-01 2.551e-01 1.489e-04 5.125e-05 3.926e-04 -1.000 8.933e-04 0.162 0.181 0.610 -0.414
0.00089016 -1.24100 10.04532 0.8360948563 2.4307236671    0.831  1.885  3.6940  2.200    3  0.000  0.506     0.00     0.00 -1 -8.33e-11      0.00 7.440e-01 2.551e-01 1.489e-04 5.126e-05 3.926e-04 -1.000 8.934e-04 0.057 0.080 0.515 -0.519
0.00089016 -1.24100 10.04532 0.8361763954 2.4307494164    0.830  1.926  3.6919  2.150    3  0.000  0.506     0.00     0.00 -1 -9.69e-11      0.00 7.440e-01 2.551e-01 1.489e-04 5.127e-05 3.926e-04 -1.000 8.936e-04 -0.046 -0.018 0.422 -0.622
0.00089016 -1.24100 10.04532 0.8362599611 2.4307758808    0.830  1.964  3.6900  2.105    3  0.000  0.506     0.00     0.00 -1 -1.12e-10      0.00 7.440e-01 2.551e-01 1.489e-04 5.128e-05 3.926e-04 -1.000 8.937e-04 -0.140 -0.108 0.337 -0.717
0.00089016 -1.24100 10.04532 0.8363358378 2.4307999611    0.830  1.989  3.6888  2.075    3  0.000  0.506     0.00     0.00 -1 -1.23e-10      0.00 7.440e-01 2.551e-01 1.489e-04 5.130e-05 3.926e-04 -1.000 8.938e-04 -0.202 -0.167 0.281 -0.778
0.00089016 -1.24100 10.04532 0.8363928199 2.4308178425    0.829  1.970  3.6901  2.099    3  0.000  0.506     0.00     0.00 -1 -1.15e-10      0.00 7.440e-01 2.551e-01 1.489e-04 5.130e-05 3.926e-04 -1.000 8.939e-04 -0.156 -0.125 0.320 -0.733
0.00089016 -1.24100 10.04532 0.8364127874 2.4308240414    0.829  1.963  3.6906  2.108    3  0.000  0.506     0.00     0.00 -1 -1.12e-10      0.00 7.440e-01 2.551e-01 1.489e-04 5.131e-05 3.926e-04 -1.000 8.940e-04 -0.138 -0.108 0.336 -0.715
0.00089016 -1.24100 10.04532 0.8364726901 2.4308431149    0.829  2.005  3.6884  2.057    3  0.000  0.506     0.00     0.00 -1  -1.3e-10      0.00 7.440e-01 2.551e-01 1.489e-04 5.131e-05 3.926e-04 -1.000 8.940e-04 -0.242 -0.207 0.243 -0.819
0.00089016 -1.24100 10.04532 0.8365294337 2.4308609962    0.829  2.046  3.6862  2.007    3  0.000  0.506     0.00     0.00 -1 -1.51e-10      0.00 7.440e-01 2.551e-01 1.489e-04 5.132e-05 3.926e-04 -1.000 8.942e-04 -0.345 -0.304 0.152 -0.920
0.00089016 -1.24100 10.04532 0.8365847468 2.4308784008    0.828  2.088  3.6839  1.956    3  0.000  0.506     0.00     0.00 -1 -1.76e-10      0.00 7.440e-01 2.551e-01 1.489e-04 5.133e-05 3.926e-04 -1.000 8.942e-04 -0.450 -0.405 0.059 -1.027
0.00089016 -1.24100 10.04532 0.8366360664 2.4308946133    0.828  2.130  3.6815  1.904    3  0.000  0.506     0.00     0.00 -1 -2.06e-10      0.00 7.440e-01 2.551e-01 1.489e-04 5.134e-05 3.926e-04 -1.000 8.943e-04 -0.554 -0.505 -0.034 -1.134
0.00089016 -1.24100 10.04532 0.8366818428 2.4309091568    0.828  2.170  3.6792  1.855    3  0.000  0.506     0.00     0.00 -1 -2.39e-10      0.00 7.440e-01 2.551e-01 1.489e-04 5.134e-05 3.926e-04 -1.000 8.944e-04 -0.655 -0.601 -0.121 -1.236
0.00089016 -1.24100 10.04532 0.8367244601 2.4309225082    0.827  2.210  3.6768  1.805    3  0.000  0.506     0.00     0.00 -1 -2.78e-10      0.00 7.440e-01 2.551e-01 1.488e-04 5.135e-05 3.926e-04 -1.000 8.945e-04 -0.755 -0.697 -0.208 -1.338
0.00089016 -1.24100 10.04532 0.8367637992 2.4309349060    0.827  2.250  3.6744  1.755    3  0.000  0.506     0.00     0.00 -1 -3.23e-10      0.00 7.440e-01 2.551e-01 1.488e-04 5.135e-05 3.926e-04 -1.000 8.946e-04 -0.855 -0.791 -0.293 -1.439
0.00089016 -1.24100 10.04532 0.8368004560 2.4309465885    0.826  2.290  3.6719  1.704    3  0.000  0.506     0.00     0.00 -1 -3.76e-10      0.00 7.440e-01 2.551e-01 1.488e-04 5.136e-05 3.926e-04 -1.000 8.946e-04 -0.956 -0.886 -0.378 -1.541
0.00089016 -1.24100 10.04532 0.8368331194 2.4309568405    0.825  2.329  3.6695  1.656    3  0.000  0.506     0.00     0.00 -1 -4.34e-10      0.00 7.440e-01 2.551e-01 1.488e-04 5.136e-05 3.926e-04 -1.000 8.947e-04 -1.052 -0.976 -0.459 -1.638
0.00089016 -1.24100 10.04532 0.8368638158 2.4309663773    0.825  2.368  3.6670  1.607    3  0.000  0.506     0.00     0.00 -1 -5.02e-10      0.00 7.440e-01 2.551e-01 1.488e-04 5.137e-05 3.926e-04 -1.000 8.948e-04 -1.149 -1.066 -0.539 -1.736
0.00089016 -1.24100 10.04532 0.8368985653 2.4309773445    0.824  2.415  3.6640  1.547    3  0.000  0.506     0.00     0.00 -1    -6e-10      0.00 7.440e-01 2.551e-01 1.488e-04 5.137e-05 3.926e-04 -1.000 8.948e-04 -1.268 -1.175 -0.635 -1.854
0.00089016 -1.24100 10.04532 0.8369297981 2.4309873581    0.823  2.461  3.6609  1.488    3  0.000  0.506     0.00     0.00 -1 -7.15e-10      0.00 7.440e-01 2.551e-01 1.488e-04 5.137e-05 3.926e-04 -1.000 8.948e-04 -1.384 -1.280 -0.728 -1.968
0.00089016 -1.24100 10.04532 0.8369587660 2.4309964180    0.822  2.508  3.6578  1.428    3  0.000  0.506     0.00     0.00 -1 -8.53e-10      0.00 7.440e-01 2.551e-01 1.488e-04 5.138e-05 3.926e-04 -1.000 8.949e-04 -1.500 -1.385 -0.818 -2.083
0.00089016 -1.24100 10.04532 0.8369846940 2.4310045242    0.821  2.553  3.6547  1.370    3  0.000  0.506     0.00     0.00 -1 -1.01e-09      0.00 7.440e-01 2.551e-01 1.488e-04 5.138e-05 3.926e-04 -1.000 8.949e-04 -1.613 -1.484 -0.904 -2.191
0.00089016 -1.24100 10.04532 0.8370084167 2.4310121536    0.820  2.597  3.6517  1.313    3  0.000  0.506     0.00     0.00 -1  -1.2e-09      0.00 7.440e-01 2.552e-01 1.488e-04 5.139e-05 3.926e-04 -1.000 8.949e-04 -1.724 -1.581 -0.988 -2.297
0.00089016 -1.24100 10.04532 0.8370312452 2.4310193062    0.818  2.643  3.6485  1.254    3  0.000  0.506     0.00     0.00 -1 -1.43e-09      0.00 7.440e-01 2.552e-01 1.488e-04 5.139e-05 3.926e-04 -1.000 8.950e-04 -1.839 -1.682 -1.075 -2.407
0.00089016 -1.24100 10.04532 0.8370509744 2.4310255051    0.817  2.686  3.6454  1.197    3  0.000  0.506     0.00     0.00 -1 -1.68e-09      0.00 7.440e-01 2.552e-01 1.488e-04 5.139e-05 3.926e-04 -1.000 8.950e-04 -1.946 -1.774 -1.154 -2.509
0.00089016 -1.24100 10.04532 0.8370695114 2.4310312271    0.816  2.730  3.6423  1.141    3  0.000  0.506     0.00     0.00 -1 -1.99e-09      0.00 7.439e-01 2.552e-01 1.488e-04 5.139e-05 3.926e-04 -1.000 8.951e-04 -2.054 -1.867 -1.234 -2.611
0.00089016 -1.24100 10.04532 0.8370870948 2.4310369492    0.814  2.774  3.6391  1.083    3  0.000  0.506     0.00     0.00 -1 -2.35e-09      0.00 7.439e-01 2.552e-01 1.488e-04 5.140e-05 3.926e-04 -1.000 8.951e-04 -2.165 -1.962 -1.315 -2.715
0.00089016 -1.24100 10.04532 0.8371022940 2.4310417175    0.812  2.815  3.6360  1.029    3  0.000  0.506     0.00     0.00 -1 -2.76e-09      0.00 7.439e-01 2.552e-01 1.488e-04 5.140e-05 3.926e-04 -1.000 8.951e-04 -2.268 -2.047 -1.385 -2.810
0.00089016 -1.24100 10.04532 0.8371169567 2.4310462475    0.810  2.857  3.6329  0.973    3  0.000  0.506     0.00     0.00 -1 -3.25e-09      0.00 7.439e-01 2.552e-01 1.488e-04 5.140e-05 3.926e-04 -1.000 8.951e-04 -2.374 -2.135 -1.458 -2.908
0.00089016 -1.24100 10.04532 0.8371307850 2.4310505390    0.808  2.900  3.6298  0.916    3  0.000  0.506     0.00     0.00 -1 -3.83e-09      0.00 7.439e-01 2.552e-01 1.488e-04 5.140e-05 3.927e-04 -1.000 8.952e-04 -2.481 -2.224 -1.530 -3.006
0.00089016 -1.24100 10.04532 0.8371426463 2.4310543537    0.806  2.940  3.6266  0.863    3  0.000  0.506     0.00     0.00 -1 -4.47e-09      0.00 7.439e-01 2.552e-01 1.488e-04 5.140e-05 3.927e-04 -1.000 8.951e-04 -2.579 -2.302 -1.592 -3.095
0.00089016 -1.24100 10.04532 0.8371541500 2.4310579300    0.803  2.980  3.6235  0.809    3  0.000  0.506     0.00     0.00 -1 -5.23e-09      0.00 7.439e-01 2.552e-01 1.488e-04 5.140e-05 3.927e-04 -1.000 8.952e-04 -2.680 -2.384 -1.657 -3.187
0.00089016 -1.24100 10.04532 0.8371652365 2.4310615063    0.800  3.022  3.6204  0.753    3  0.000  0.506     0.00     0.00 -1 -6.15e-09      0.00 7.439e-01 2.552e-01 1.488e-04 5.141e-05 3.927e-04 -1.000 8.952e-04 -2.785 -2.468 -1.724 -3.282
0.00089016 -1.24100 10.04532 0.8371749520 2.4310646057    0.797  3.061  3.6173  0.700    3  0.000  0.506     0.00     0.00 -1 -7.15e-09      0.00 7.439e-01 2.552e-01 1.488e-04 5.141e-05 3.927e-04 -1.000 8.952e-04 -2.881 -2.544 -1.782 -3.368
0.00089016 -1.24100 10.04532 0.8371845484 2.4310674667    0.794  3.101  3.6141  0.645    3  0.000  0.506     0.00     0.00 -1 -8.38e-09      0.00 7.439e-01 2.552e-01 1.488e-04 5.141e-05 3.927e-04 -1.000 8.953e-04 -2.983 -2.623 -1.843 -3.458
0.00089016 -1.24100 10.04532 0.8371934295 2.4310703278    0.790  3.141  3.6111  0.591    3  0.000  0.506     0.00     0.00 -1  -9.8e-09      0.00 7.439e-01 2.552e-01 1.488e-04 5.141e-05 3.927e-04 -1.000 8.952e-04 -3.082 -2.701 -1.903 -3.546
0.00089016 -1.24100 10.04532 0.8372016549 2.4310729504    0.786  3.180  3.6080  0.538    3  0.000  0.506     0.00     0.00 -1 -1.14e-08      0.00 7.439e-01 2.552e-01 1.488e-04 5.141e-05 3.927e-04 -1.000 8.953e-04 -3.180 -2.776 -1.960 -3.631
0.00089016 -1.24100 10.04532 0.8372094631 2.4310753345    0.782  3.219  3.6050  0.484    3  0.000  0.506     0.00     0.00 -1 -1.33e-08      0.00 7.439e-01 2.552e-01 1.488e-04 5.141e-05 3.927e-04 -1.000 8.953e-04 -3.277 -2.851 -2.014 -3.716
0.00089016 -1.24100 10.04532 0.8372167945 2.4310777187    0.777  3.258  3.6019  0.430    3  0.000  0.506     0.00     0.00 -1 -1.56e-08      0.00 7.439e-01 2.552e-01 1.488e-04 5.141e-05 3.927e-04 -1.000 8.953e-04 -3.375 -2.923 -2.065 -3.800
0.00089016 -1.24100 10.04532 0.8372237086 2.4310798645    0.771  3.295  3.5991  0.379    3  0.000  0.506     0.00     0.00 -1 -1.81e-08      0.00 7.439e-01 2.552e-01 1.488e-04 5.141e-05 3.927e-04 -1.000 8.953e-04 -3.467 -2.992 -2.112 -3.880
0.00089016 -1.24100 10.04532 0.8372289538 2.4310815334    0.767  3.322  3.5969  0.341    3  0.000  0.506     0.00     0.00 -1 -2.02e-08      0.00 7.439e-01 2.552e-01 1.488e-04 5.142e-05 3.927e-04 -1.000 8.953e-04 -3.534 -3.041 -2.145 -3.937
0.00089016 -1.24100 10.04532 0.8372289538 2.4310815334    0.767  1.742  3.7435  2.507    4  0.000  0.519     0.00     0.00 -1    -1e-30      0.00 7.407e-01 2.584e-01 1.548e-04 4.802e-05 3.981e-04 -1.000 9.161e-04 0.415 0.367 0.689 -0.127
0.00089016 -1.24100 10.04532 0.8372784257 2.4310970306    0.767  1.759  3.7422  2.484    4  0.000  0.519     0.00     0.00 -1    -1e-30      0.00 7.407e-01 2.584e-01 1.548e-04 4.802e-05 3.981e-04 -1.000 9.161e-04 0.371 0.324 0.649 -0.172
0.00089016 -1.24100 10.04532 0.8373293281 2.4311132431    0.767  1.762  3.7421  2.481    4  0.000  0.519     0.00     0.00 -1    -1e-30      0.00 7.407e-01 2.584e-01 1.548e-04 4.802e-05 3.981e-04 -1.000 9.161e-04 0.365 0.318 0.642 -0.179
0.00089016 -1.24100 10.04532 0.8373796940 2.4311289787    0.767  1.764  3.7422  2.480    4  0.000  0.519     0.00     0.00 -1    -1e-30      0.00 7.407e-01 2.584e-01 1.548e-04 4.802e-05 3.981e-04 -1.000 9.161e-04 0.361 0.314 0.638 -0.182
0.00089016 -1.24100 10.04532 0.8374319077 2.4311454296    0.767  1.764  3.7425  2.480    4  0.000  0.519     0.00     0.00 -1    -1e-30      0.00 7.407e-01 2.584e-01 1.548e-04 4.802e-05 3.981e-04 -1.000 9.161e-04 0.359 0.312 0.635 -0.184
0.00089016 -1.24100 10.04532 0.8374834061 2.4311616421    0.767  1.764  3.7430  2.482    4  0.000  0.519     0.00     0.00 -1    -1e-30      0.00 7.407e-01 2.584e-01 1.548e-04 4.802e-05 3.981e-04 -1.000 9.161e-04 0.359 0.311 0.634 -0.183
0.00089016 -1.24100 10.04532 0.8375362158 2.4311783314    0.767  1.764  3.7437  2.486    4  0.000  0.519     0.00     0.00 -1    -1e-30      0.00 7.407e-01 2.584e-01 1.548e-04 4.802e-05 3.981e-04 -1.000 9.161e-04 0.360 0.312 0.633 -0.181
0.00089016 -1.24100 10.04532 0.8375881910 2.4311945438    0.767  1.763  3.7444  2.490    4  0.000  0.519     0.00     0.00 -1    -1e-30      0.00 7.407e-01 2.584e-01 1.548e-04 4.802e-05 3.981e-04 -1.000 9.161e-04 0.363 0.313 0.633 -0.178
0.00089016 -1.24100 10.04532 0.8376405835 2.4312109947    0.767  1.762  3.7453  2.494    4  0.000  0.519     0.00     0.00 -1    -1e-30      0.00 7.407e-01 2.584e-01 1.548e-04 4.802e-05 3.981e-04 -1.000 9.161e-04 0.366 0.315 0.633 -0.174
0.00089016 -1.24100 10.04532 0.8376910090 2.4312269688    0.767  1.761  3.7461  2.499    4  0.000  0.519     0.00     0.00 -1    -1e-30      0.00 7.407e-01 2.584e-01 1.548e-04 4.802e-05 3.981e-04 -1.000 9.162e-04 0.368 0.317 0.634 -0.171
0.00089016 -1.24100 10.04532 0.8377411366 2.4312427044    0.767  1.760  3.7469  2.503    4  0.000  0.519     0.00     0.00 -1    -1e-30      0.00 7.407e-01 2.584e-01 1.548e-04 4.802e-05 3.981e-04 -1.000 9.161e-04 0.371 0.319 0.634 -0.167
0.00089016 -1.24100 10.04532 0.8377947211 2.4312596321    0.767  1.759  3.7477  2.507    4  0.000  0.519     0.00     0.00 -1    -1e-30      0.00 7.407e-01 2.584e-01 1.548e-04 4.802e-05 3.981e-04 -1.000 9.162e-04 0.373 0.320 0.634 -0.164
0.00089016 -1.24100 10.04532 0.8378489614 2.4312765598    0.767  1.758  3.7484  2.511    4  0.000  0.519     0.00     0.00 -1    -1e-30      0.00 7.407e-01 2.584e-01 1.548e-04 4.802e-05 3.981e-04 -1.000 9.162e-04 0.375 0.322 0.634 -0.161
0.00089016 -1.24100 10.04532 0.8379019499 2.4312932491    0.767  1.757  3.7490  2.514    4  0.000  0.519     0.00     0.00 -1    -1e-30      0.00 7.407e-01 2.584e-01 1.548e-04 4.802e-05 3.981e-04 -1.000 9.161e-04 0.377 0.323 0.633 -0.159
0.00089016 -1.24100 10.04532 0.8379541636 2.4313097000    0.767  1.757  3.7496  2.517    4  0.000  0.519     0.00     0.00 -1    -1e-30      0.00 7.407e-01 2.584e-01 1.548e-04 4.802e-05 3.981e-04 -1.000 9.162e-04 0.378 0.323 0.633 -0.157
0.00089016 -1.24100 10.04532 0.8379667997 2.4313137531    0.767  1.757  3.7497  2.517    4  0.000  0.519     0.00     0.00 -1    -1e-30      0.00 7.407e-01 2.584e-01 1.548e-04 4.802e-05 3.981e-04 -1.000 9.161e-04 0.378 0.323 0.633 -0.157
0.00089016 -1.24100 10.04532 0.8379779458 2.4313170910    0.767  1.757  3.7498  2.517    4  0.000  0.519     0.00     0.00 -1    -1e-30      0.00 7.407e-01 2.584e-01 1.548e-04 4.802e-05 3.981e-04 -1.000 9.161e-04 0.379 0.323 0.632 -0.157
0.00089016 -1.24100 10.04532 0.8380306363 2.4313337803    0.768  1.756  3.7501  2.519    4  0.000  0.519     0.00     0.00 -1    -1e-30      0.00 7.407e-01 2.584e-01 1.548e-04 4.802e-05 3.981e-04 -1.000 9.162e-04 0.379 0.323 0.632 -0.156
0.00089016 -1.24100 10.04532 0.8380845189 2.4313507080    0.768  1.757  3.7504  2.520    4  0.000  0.519     0.00     0.00 -1    -1e-30      0.00 7.407e-01 2.584e-01 1.548e-04 4.802e-05 3.981e-04 -1.000 9.161e-04 0.378 0.322 0.630 -0.156
0.00089016 -1.24100 10.04532 0.8381375074 2.4313673973    0.768  1.757  3.7505  2.520    4  0.000  0.519     0.00     0.00 -1    -1e-30      0.00 7.407e-01 2.584e-01 1.548e-04 4.802e-05 3.981e-04 -1.000 9.161e-04 0.377 0.321 0.628 -0.158
0.00089016 -1.24100 10.04532 0.8381906152 2.4313840866    0.768  1.758  3.7505  2.519    4  0.000  0.519     0.00     0.00 -1    -1e-30      0.00 7.407e-01 2.584e-01 1.548e-04 4.802e-05 3.981e-04 -1.000 9.161e-04 0.374 0.318 0.626 -0.160
0.00089016 -1.24100 10.04532 0.8382478356 2.4314019680    0.768  1.760  3.7503  2.517    4  0.000  0.519     0.00     0.00 -1    -1e-30      0.00 7.407e-01 2.584e-01 1.548e-04 4.802e-05 3.981e-04 -1.000 9.161e-04 0.371 0.315 0.623 -0.164
0.00089016 -1.24100 10.04532 0.8383018970 2.4314188957    0.768  1.762  3.7499  2.513    4  0.000  0.519     0.00     0.00 -1    -1e-30      0.00 7.407e-01 2.584e-01 1.548e-04 4.802e-05 3.981e-04 -1.000 9.162e-04 0.366 0.311 0.620 -0.169
0.00089016 -1.24100 10.04532 0.8383423090 2.4314317703    0.768  1.763  3.7495  2.510    4  0.000  0.519     0.00     0.00 -1    -1e-30      0.00 7.407e-01 2.584e-01 1.548e-04 4.802e-05 3.981e-04 -1.000 9.162e-04 0.362 0.307 0.616 -0.174
0.00089016 -1.24100 10.04532 0.8383560181 2.4314360619    0.768  1.764  3.7494  2.509    4  0.000  0.519     0.00     0.00 -1    -1e-30      0.00 7.407e-01 2.584e-01 1.548e-04 4.802e-05 3.981e-04 -1.000 9.161e-04 0.360 0.305 0.615 -0.176
0.00089016 -1.24100 10.04532 0.8384022713 2.4314506054    0.768  1.766  3.7488  2.504    4  0.000  0.519     0.00     0.00 -1    -1e-30      0.00 7.407e-01 2.584e-01 1.548e-04 4.802e-05 3.981e-04 -1.000 9.161e-04 0.354 0.300 0.611 -0.182
0.00089016 -1.24100 10.04532 0.8384510279 2.4314658642    0.768  1.769  3.7481  2.499    4  0.000  0.519     0.00     0.00 -1    -1e-30      0.00 7.407e-01 2.584e-01 1.548e-04 4.802e-05 3.981e-04 -1.000 9.162e-04 0.347 0.293 0.606 -0.190
0.00089016 -1.24100 10.04532 0.8384972215 2.4314804077    0.768  1.772  3.7474  2.492    4  0.000  0.519     0.00     0.00 -1    -1e-30      0.00 7.407e-01 2.584e-01 1.548e-04 4.802e-05 3.981e-04 -1.000 9.161e-04 0.339 0.286 0.600 -0.199
0.00089016 -1.24100 10.04532 0.8385442495 2.4314951897    0.768  1.776  3.7466  2.486    4  0.000  0.519     0.00     0.00 -1    -1e-30      0.00 7.407e-01 2.584e-01 1.548e-04 4.802e-05 3.981e-04 -1.000 9.162e-04 0.330 0.277 0.593 -0.209
0.00089016 -1.24100 10.04532 0.8385896087 2.4315092564    0.768  1.780  3.7458  2.479    4  0.000  0.519     0.00     0.00 -1    -1e-30      0.00 7.407e-01 2.584e-01 1.548e-04 4.802e-05 3.981e-04 -1.000 9.161e-04 0.321 0.270 0.587 -0.219
0.00089016 -1.24100 10.04532 0.8386353850 2.4315235615    0.768  1.784  3.7449  2.471    4  0.000  0.519     0.00     0.00 -1    -1e-30      0.00 7.407e-01 2.584e-01 1.548e-04 4.802e-05 3.981e-04 -1.000 9.161e-04 0.311 0.260 0.579 -0.230
0.00089016 -1.24100 10.04532 0.8386818767 2.4315383434    0.768  1.786  3.7449  2.470    4  0.000  0.519     0.00     0.00 -1    -1e-30      0.00 7.407e-01 2.584e-01 1.548e-04 4.802e-05 3.981e-04 -1.000 9.161e-04 0.306 0.256 0.574 -0.235
0.00089016 -1.24100 10.04532 0.8387283087 2.4315528870    0.768  1.790  3.7438  2.460    4  0.000  0.519     0.00     0.00 -1    -1e-30      0.00 7.407e-01 2.584e-01 1.548e-04 4.802e-05 3.981e-04 -1.000 9.162e-04 0.294 0.245 0.566 -0.248
0.00089016 -1.24100 10.04532 0.8387786150 2.4315686226    0.768  1.799  3.7418  2.444    4  0.000  0.519     0.00     0.00 -1    -1e-30      0.00 7.407e-01 2.584e-01 1.548e-04 4.802e-05 3.981e-04 -1.000 9.161e-04 0.271 0.224 0.549 -0.273
0.00089016 -1.24100 10.04532 0.8388251066 2.4315831661    0.768  1.807  3.7404  2.430    4  0.000  0.519     0.00     0.00 -1    -1e-30      0.00 7.407e-01 2.584e-01 1.548e-04 4.802e-05 3.981e-04 -1.000 9.162e-04 0.252 0.206 0.534 -0.294
0.00089016 -1.24100 10.04532 0.8388711810 2.4315977097    0.768  1.821  3.7380  2.407    4  0.000  0.519     0.00     0.00 -1    -1e-30      0.00 7.407e-01 2.584e-01 1.548e-04 4.802e-05 3.981e-04 -1.000 9.161e-04 0.218 0.174 0.507 -0.331
0.00089016 -1.24100 10.04532 0.8389189839 2.4316127300    0.769  1.841  3.7347  2.373    4  0.000  0.519     0.00     0.00 -1    -1e-30      0.00 7.407e-01 2.584e-01 1.548e-04 4.802e-05 3.981e-04 -1.000 9.161e-04 0.166 0.126 0.466 -0.386
0.00089016 -1.24100 10.04532 0.8389624953 2.4316263199    0.769  1.876  3.7296  2.318    4  0.000  0.519     0.00     0.00 -1    -1e-30      0.00 7.407e-01 2.584e-01 1.548e-04 4.802e-05 3.981e-04 -1.000 9.162e-04 0.079 0.043 0.395 -0.479
0.00089016 -1.24100 10.04532 0.8389836550 2.4316329956    0.769  1.913  3.7247  2.261    4  0.000  0.519     0.00     0.00 -1    -1e-30      0.00 7.407e-01 2.584e-01 1.548e-04 4.802e-05 3.981e-04 -1.000 9.161e-04 -0.013 -0.043 0.319 -0.577
0.00089016 -1.24100 10.04532 0.8389930129 2.4316358566    0.769  1.951  3.7200  2.205    4  0.000  0.519     0.00     0.00 -1    -1e-30      0.00 7.407e-01 2.584e-01 1.548e-04 4.802e-05 3.981e-04 -1.000 9.161e-04 -0.107 -0.131 0.242 -0.675
0.00089016 -1.24100 10.04532 0.8389970660 2.4316370487    0.769  1.988  3.7155  2.149    4  0.000  0.519     0.00     0.00 -1    -1e-30      0.00 7.407e-01 2.584e-01 1.548e-04 4.802e-05 3.981e-04 -1.000 9.161e-04 -0.201 -0.219 0.165 -0.772
0.00089016 -1.24100 10.04532 0.8389989734 2.4316377640    0.769  2.021  3.7119  2.102    4  0.000  0.519     0.00     0.00 -1    -1e-30      0.00 7.407e-01 2.584e-01 1.548e-04 4.802e-05 3.981e-04 -1.000 9.160e-04 -0.284 -0.296 0.096 -0.858
0.00089016 -1.24100 10.04532 0.8390001059 2.4316380024    0.769  2.053  3.7086  2.057    4  0.000  0.519     0.00     0.00 -1    -1e-30      0.00 7.407e-01 2.584e-01 1.548e-04 4.802e-05 3.981e-04 -1.000 9.162e-04 -0.363 -0.370 0.030 -0.939
0.00089016 -1.24100 10.04532 0.8390001655 2.4316380024    0.769  2.056  3.7083  2.053    4  0.000  0.519     0.00     0.00 -1 -2.19e-28      0.00 7.407e-01 2.582e-01 1.548e-04 4.802e-05 3.981e-04 -1.000 1.094e-03 -0.371 -0.378 0.024 -0.947
0.00089016 -1.24100 10.04532 0.8390002251 2.4316380024    0.769  2.057  3.7082  2.052    7  0.000  0.519     0.00     0.00 -1 -9.47e-10      0.00 7.407e-01 2.568e-01 1.548e-04 4.802e-05 3.981e-04 -1.000 2.515e-03 -0.372 -0.379 0.023 -0.948
0.00089016 -1.24100 10.04532 0.8390009403 2.4316382408    0.769  2.087  3.7055  2.011    7  0.000  0.519     0.00     0.00 -1 -1.13e-09      0.00 7.407e-01 2.568e-01 1.548e-04 4.802e-05 3.981e-04 -1.000 2.515e-03 -0.447 -0.449 -0.041 -1.024
0.00089016 -1.24100 10.04532 0.8390018344 2.4316384792    0.768  2.124  3.7020  1.959    7  0.000  0.519     0.00     0.00 -1 -1.42e-09      0.00 7.407e-01 2.568e-01 1.548e-04 4.802e-05 3.981e-04 -1.000 2.515e-03 -0.541 -0.537 -0.120 -1.121
0.00089016 -1.24100 10.04532 0.8390027285 2.4316389561    0.768  2.159  3.6990  1.912    7  0.000  0.519     0.00     0.00 -1 -1.73e-09      0.00 7.407e-01 2.568e-01 1.548e-04 4.802e-05 3.981e-04 -1.000 2.515e-03 -0.628 -0.618 -0.193 -1.209
0.00089016 -1.24100 10.04532 0.8390036225 2.4316391945    0.768  2.181  3.6971  1.882    7  0.000  0.519     0.00     0.00 -1 -1.97e-09      0.00 7.407e-01 2.568e-01 1.548e-04 4.802e-05 3.981e-04 -1.000 2.515e-03 -0.684 -0.670 -0.239 -1.265
0.00089016 -1.24100 10.04532 0.8390049934 2.4316396713    0.768  2.185  3.6969  1.878    7  0.000  0.519     0.00     0.00 -1 -2.01e-09      0.00 7.407e-01 2.568e-01 1.548e-04 4.802e-05 3.981e-04 -1.000 2.515e-03 -0.692 -0.678 -0.246 -1.273
0.00089016 -1.24100 10.04532 0.8390073776 2.4316403866    0.768  2.158  3.6993  1.915    7  0.000  0.519     0.00     0.00 -1 -1.72e-09      0.00 7.407e-01 2.568e-01 1.548e-04 4.802e-05 3.981e-04 -1.000 2.515e-03 -0.624 -0.616 -0.191 -1.205
0.00089016 -1.24100 10.04532 0.8390111923 2.4316415787    0.768  2.134  3.7013  1.946    7  0.000  0.519     0.00     0.00 -1 -1.51e-09      0.00 7.407e-01 2.568e-01 1.548e-04 4.802e-05 3.981e-04 -1.000 2.515e-03 -0.566 -0.560 -0.141 -1.146
0.00089016 -1.24100 10.04532 0.8390361071 2.4316494465    0.766  2.156  3.6992  1.915    7  0.000  0.519     0.00     0.00 -1 -1.72e-09      0.00 7.407e-01 2.568e-01 1.548e-04 4.802e-05 3.981e-04 -1.000 2.515e-03 -0.621 -0.612 -0.187 -1.202
0.00089016 -1.24100 10.04532 0.8390535712 2.4316549301    0.764  2.189  3.6963  1.869    7  0.000  0.519     0.00     0.00 -1  -2.1e-09      0.00 7.407e-01 2.568e-01 1.548e-04 4.802e-05 3.981e-04 -1.000 2.515e-03 -0.703 -0.688 -0.255 -1.285
0.00089016 -1.24100 10.04532 0.8390734196 2.4316611290    0.762  2.243  3.6916  1.796    7  0.000  0.519     0.00     0.00 -1 -2.88e-09      0.00 7.407e-01 2.568e-01 1.548e-04 4.802e-05 3.981e-04 -1.000 2.515e-03 -0.837 -0.811 -0.365 -1.419
0.00089016 -1.24100 10.04532 0.8390905261 2.4316663742    0.760  2.290  3.6875  1.730    7  0.000  0.519     0.00     0.00 -1 -3.88e-09      0.00 7.407e-01 2.568e-01 1.548e-04 4.802e-05 3.981e-04 -1.000 2.515e-03 -0.956 -0.920 -0.463 -1.538
0.00089016 -1.24100 10.04532 0.8391056657 2.4316711426    0.756  2.334  3.6838  1.670    7  0.000  0.519     0.00     0.00 -1    -5e-09      0.00 7.407e-01 2.568e-01 1.548e-04 4.802e-05 3.981e-04 -1.000 2.515e-03 -1.066 -1.025 -0.554 -1.653
0.00089016 -1.24100 10.04532 0.8391190767 2.4316754341    0.753  2.376  3.6804  1.612    7  0.000  0.519     0.00     0.00 -1 -6.45e-09      0.00 7.407e-01 2.568e-01 1.548e-04 4.802e-05 3.981e-04 -1.000 2.511e-03 -1.170 -1.124 -0.639 -1.761
0.00089016 -1.24100 10.04532 0.8391309977 2.4316790104    0.749  2.417  3.6770  1.556    7  0.000  0.519     0.00     0.00 -1 -8.26e-09      0.00 7.407e-01 2.568e-01 1.547e-04 4.803e-05 3.981e-04 -1.000 2.490e-03 -1.272 -1.218 -0.721 -1.865
0.00089016 -1.24100 10.04532 0.8391416073 2.4316823483    0.744  2.457  3.6737  1.500    7  0.000  0.519     0.00     0.00 -1 -1.05e-08      0.00 7.407e-01 2.569e-01 1.547e-04 4.804e-05 3.981e-04 -1.000 2.419e-03 -1.371 -1.310 -0.799 -1.966
0.00089016 -1.24100 10.04532 0.8391511440 2.4316854477    0.739  2.496  3.6705  1.445    7  0.000  0.518     0.00     0.00 -1 -1.33e-08      0.00 7.407e-01 2.569e-01 1.545e-04 4.813e-05 3.981e-04 -1.000 2.398e-03 -1.470 -1.396 -0.876 -2.061
0.00089016 -1.24100 10.04532 0.8391597867 2.4316880703    0.733  2.535  3.6672  1.388    7  0.000  0.515     0.00     0.00 -1 -1.69e-08      0.00 7.407e-01 2.570e-01 1.538e-04 4.852e-05 3.981e-04 -1.000 2.335e-03 -1.568 -1.485 -0.950 -2.159
0.00089016 -1.24100 10.04532 0.8391677141 2.4316906929    0.726  2.575  3.6626  1.327    7  0.000  0.510     0.00     0.00 -1 -2.16e-08      0.00 7.407e-01 2.570e-01 1.523e-04 4.990e-05 3.981e-04 -1.000 2.300e-03 -1.667 -1.568 -1.013 -2.257
0.00089016 -1.24100 10.04532 0.8391748667 2.4316928387    0.718  2.613  3.6544  1.251    7  0.000  0.502     0.00     0.00 -1 -2.82e-08      0.00 7.407e-01 2.570e-01 1.500e-04 5.241e-05 3.981e-04 -1.000 2.298e-03 -1.763 -1.632 -1.044 -2.345
0.00089016 -1.24100 10.04532 0.8391816616 2.4316949844    0.708  2.652  3.6507  1.190    7  0.000  0.493     0.00     0.00 -1 -3.61e-08      0.00 7.407e-01 2.571e-01 1.474e-04 5.565e-05 3.981e-04 -1.000 2.222e-03 -1.861 -1.714 -1.110 -2.437
0.00089016 -1.24100 10.04532 0.8391880989 2.4316968918    0.695  2.691  3.6475  1.131    7  0.000  0.485     0.00     0.00 -1  -4.7e-08      0.00 7.406e-01 2.571e-01 1.450e-04 5.860e-05 3.981e-04 -1.000 2.222e-03 -1.959 -1.796 -1.178 -2.529
0.00089016 -1.24100 10.04532 0.8391943574 2.4316990376    0.680  2.730  3.6443  1.069    7  0.000  0.478     0.00     0.00 -1 -6.16e-08      0.00 7.406e-01 2.572e-01 1.429e-04 6.120e-05 3.981e-04 -1.000 2.215e-03 -2.056 -1.877 -1.246 -2.620
0.00089016 -1.24100 10.04532 0.8392003775 2.4317007065    0.659  2.769  3.6411  1.004    7  0.000  0.471     0.00     0.00 -1 -8.21e-08      0.00 7.405e-01 2.573e-01 1.410e-04 6.353e-05 3.981e-04 -1.000 2.208e-03 -2.153 -1.958 -1.312 -2.711
0.00089016 -1.24100 10.04532 0.8392058015 2.4317026138    0.635  2.807  3.6385  0.940    7  0.000  0.466     0.00     0.00 -1 -1.13e-07      0.00 7.405e-01 2.573e-01 1.393e-04 6.553e-05 3.981e-04 -1.000 2.153e-03 -2.248 -2.038 -1.376 -2.800
0.00089016 -1.24100 10.04532 0.8392109871 2.4317040443    0.603  2.846  3.6371  0.873    7  0.000  0.461     0.00     0.00 -1  -1.6e-07      0.00 7.404e-01 2.574e-01 1.379e-04 6.731e-05 3.981e-04 -1.000 2.154e-03 -2.344 -2.125 -1.453 -2.894
0.00089016 -1.24100 10.04532 0.8392154574 2.4317054749    0.563  2.884  3.6415  0.823    7  0.000  0.457     0.00     0.00 -1 -2.32e-07      0.00 7.404e-01 2.575e-01 1.366e-04 6.884e-05 3.980e-04 -1.000 2.148e-03 -2.439 -2.242 -1.579 -3.004
0.00089016 -1.24100 10.04532 0.8392181396 2.4317064285    0.532  2.909  3.6509  0.810    7  0.000  0.454     0.00     0.00 -1 -3.01e-07      0.00 7.403e-01 2.575e-01 1.358e-04 6.983e-05 3.980e-04 -1.000 2.129e-03 -2.503 -2.351 -1.718 -3.092
0.00089016 -1.24100 10.04532 0.8392189145 2.4317066669    0.509  2.918  3.6658  0.842    7  0.000  0.453     0.00     0.00 -1 -3.17e-07      0.00 7.403e-01 2.576e-01 1.353e-04 7.044e-05 3.979e-04 -1.000 2.198e-03 -2.525 -2.434 -1.865 -3.132
0.00089016 -1.24100 10.04532 1.1003165245 2.4917335510    0.547 -4.376  3.6137  7.959    9  0.548  0.000     0.00     0.00 -1    -1e-30      0.00 7.279e-01 2.712e-01 1.229e-04 9.841e-05 4.019e-04 -1.000 8.491e-04 15.710 15.935 16.685 15.112
#isochrone terminated
