# File generated by CMD 3.3 (http://stev.oapd.inaf.it/cmd) on Mon Apr 13 18:34:22 CEST 2020
# isochrones based on PARSEC release v1.2S +  COLIBRI S_35
# Basic references: Bressan et al. (2012), MNRAS, 427, 127 + Chen et al. (2014, 2015), MNRAS, 444, 2525 + MNRAS, 452, 1068 + Tang et al. (2014), MNRAS, 445, 4287 + Marigo et al. (2017), ApJ, 835, 77 + Pastorelli al. (2019), MNRAS in press
# Thermal pulse cycles included
# On RGB, assumed Reimers mass loss with efficiency eta=0.2
# Photometric system: Gaia's DR2 G, G_BP and G_RP (Vegamags, Gaia passbands from Evans et al. 2018)
# Using YBC version of bolometric corrections as in Chen et al. (2019)
# O-rich circumstellar dpmod60alox40 dust from Groenewegen (2006)
# C-rich circumstellar AMCSIC15 dust from Groenewegen (2006)
# IMF: Kroupa (2001, 2002) + Kroupa et al. (2013) canonical two-part-power law IMF corrected for unresolved binaries
# Kind of output: isochrone tables
Zini     MH   logAge Mini        int_IMF         Mass   logL    logTe  logg  label   McoreTP C_O  period0 period1 pmode  Mloss  tau1m   X   Y   Xc  Xn  Xo  Cexcess  Z 	 mbolmag  Gaia_G    Gaia_BP  Gaia_RP
0.00039019 -1.60000 10.04139 0.0900000036 1.0816895962    0.090 -3.189  3.4781  5.445    1  0.000  0.545     0.00     0.00 -1 -5.14e-17      0.00 7.483e-01 2.513e-01 7.531e-05 2.032e-05 1.843e-04 -1.000 4.188e-04 12.741 13.560 15.422 12.359
0.00039019 -1.60000 10.04139 0.0961575508 1.1381831169    0.096 -2.991  3.5065  5.391    1  0.000  0.545     0.00     0.00 -1 -8.35e-17      0.00 7.472e-01 2.524e-01 7.531e-05 2.032e-05 1.843e-04 -1.000 4.188e-04 12.249 12.931 14.374 11.826
0.00039019 -1.60000 10.04139 0.1000000015 1.1711064577    0.100 -2.875  3.5233  5.358    1  0.000  0.545     0.00     0.00 -1 -1.11e-16      0.00 7.464e-01 2.531e-01 7.531e-05 2.032e-05 1.843e-04 -1.000 4.188e-04 11.957 12.558 13.820 11.507
0.00039019 -1.60000 10.04139 0.1200000048 1.3193155527    0.120 -2.587  3.5544  5.273    1  0.000  0.545     0.00     0.00 -1 -2.17e-16      0.00 7.439e-01 2.557e-01 7.531e-05 2.032e-05 1.843e-04 -1.000 4.187e-04 11.237 11.690 12.711 10.730
0.00039019 -1.60000 10.04139 0.1400000006 1.4384527206    0.140 -2.405  3.5696  5.219    1  0.000  0.545     0.00     0.00 -1 -3.25e-16      0.00 7.420e-01 2.576e-01 7.531e-05 2.032e-05 1.843e-04 -1.000 4.188e-04 10.782 11.169 12.099 10.249
0.00039019 -1.60000 10.04139 0.1599999964 1.5372931957    0.160 -2.263  3.5796  5.175    1  0.000  0.545     0.00     0.00 -1 -4.43e-16      0.00 7.407e-01 2.589e-01 7.531e-05 2.032e-05 1.843e-04 -1.000 4.188e-04 10.428 10.774 11.653 9.880
0.00039019 -1.60000 10.04139 0.2000000179 1.6938792467    0.200 -2.042  3.5926  5.104    1  0.000  0.545     0.00     0.00 -1 -7.15e-16      0.00 7.396e-01 2.600e-01 7.531e-05 2.032e-05 1.843e-04 -1.000 4.188e-04 9.876 10.176 10.992 9.314
0.00039019 -1.60000 10.04139 0.2500000298 1.8403259516    0.250 -1.838  3.6036  5.041    1  0.000  0.545     0.00     0.00 -1  -1.1e-15      0.00 7.395e-01 2.601e-01 7.530e-05 2.032e-05 1.843e-04 -1.000 4.188e-04 9.366 9.628 10.396 8.794
0.00039019 -1.60000 10.04139 0.3000000417 1.9529141188    0.300 -1.683  3.6123  4.999    1  0.000  0.545     0.00     0.00 -1 -1.51e-15      0.00 7.397e-01 2.599e-01 7.529e-05 2.032e-05 1.843e-04 -1.000 4.188e-04 8.977 9.210 9.941 8.397
0.00039019 -1.60000 10.04139 0.3255757391 2.0014679432    0.326 -1.616  3.6163  4.984    1  0.000  0.545     0.00     0.00 -1 -1.72e-15      0.00 7.397e-01 2.599e-01 7.527e-05 2.032e-05 1.843e-04 -1.000 4.188e-04 8.809 9.029 9.745 8.226
0.00039019 -1.60000 10.04139 0.3500000238 2.0434176922    0.350 -1.556  3.6199  4.970    1  0.000  0.545     0.00     0.00 -1 -1.93e-15      0.00 7.397e-01 2.599e-01 7.526e-05 2.032e-05 1.843e-04 -1.000 4.188e-04 8.661 8.870 9.571 8.075
0.00039019 -1.60000 10.04139 0.3924373090 2.1079528332    0.392 -1.438  3.6290  4.938    1  0.000  0.545     0.00     0.00 -1 -2.48e-15      0.00 7.487e-01 2.508e-01 7.530e-05 2.032e-05 1.843e-04 -1.000 4.187e-04 8.366 8.547 9.212 7.775
0.00039019 -1.60000 10.04139 0.4000000358 2.1185026169    0.400 -1.419  3.6305  4.933    1  0.000  0.545     0.00     0.00 -1 -2.59e-15      0.00 7.503e-01 2.493e-01 7.531e-05 2.032e-05 1.843e-04 -1.000 4.188e-04 8.317 8.493 9.153 7.724
0.00039019 -1.60000 10.04139 0.4499999881 2.1822810173    0.450 -1.250  3.6483  4.886    1  0.000  0.545     0.00     0.00 -1 -3.79e-15      0.00 7.505e-01 2.491e-01 7.531e-05 2.032e-05 1.843e-04 -1.000 4.189e-04 7.896 8.018 8.614 7.294
0.00039019 -1.60000 10.04139 0.4829593599 2.2194881439    0.483 -1.124  3.6642  4.854    1  0.000  0.545     0.00     0.00 -1 -5.08e-15      0.00 7.505e-01 2.491e-01 7.531e-05 2.032e-05 1.843e-04 -1.000 4.188e-04 7.580 7.658 8.200 6.973
0.00039019 -1.60000 10.04139 0.5000000000 2.2374541759    0.500 -1.062  3.6720  4.839    1  0.000  0.545     0.00     0.00 -1 -5.87e-15      0.00 7.505e-01 2.491e-01 7.531e-05 2.032e-05 1.843e-04 -1.000 4.188e-04 7.424 7.482 7.998 6.817
0.00039019 -1.60000 10.04139 0.5500000715 2.2836585045    0.550 -0.854  3.6956  4.766    1  0.000  0.544     0.00     0.00 -1 -9.82e-15      0.00 7.820e-01 2.177e-01 6.639e-05 1.792e-05 1.626e-04 -1.000 3.222e-04 6.904 6.911 7.359 6.299
0.00039019 -1.60000 10.04139 0.6000000238 2.3211214542    0.600 -0.649  3.7221  4.706    1  0.000  0.544     0.00     0.00 -1 -1.61e-14      0.00 7.923e-01 2.073e-01 6.363e-05 1.719e-05 1.560e-04 -1.000 3.439e-04 6.393 6.363 6.746 5.806
0.00039019 -1.60000 10.04139 0.6128194928 2.3296015263    0.612 -0.595  3.7298  4.691    1  0.000  0.544     0.00     0.00 -1 -1.84e-14      0.00 7.955e-01 2.041e-01 6.280e-05 1.697e-05 1.540e-04 -1.000 3.481e-04 6.257 6.219 6.584 5.679
0.00039019 -1.60000 10.04139 0.6261377335 2.3379898071    0.626 -0.538  3.7377  4.675    1  0.000  0.543     0.00     0.00 -1 -2.11e-14      0.00 7.990e-01 2.007e-01 6.190e-05 1.672e-05 1.519e-04 -1.000 3.358e-04 6.115 6.072 6.420 5.548
0.00039019 -1.60000 10.04139 0.6375349760 2.3448493481    0.637 -0.489  3.7444  4.661    1  0.000  0.543     0.00     0.00 -1 -2.38e-14      0.00 8.021e-01 1.976e-01 6.110e-05 1.651e-05 1.500e-04 -1.000 3.367e-04 5.993 5.947 6.281 5.436
0.00039019 -1.60000 10.04139 0.6485611200 2.3512220383    0.648 -0.441  3.7508  4.646    1  0.000  0.543     0.00     0.00 -1 -2.68e-14      0.00 8.052e-01 1.945e-01 6.029e-05 1.629e-05 1.480e-04 -1.000 3.428e-04 5.873 5.827 6.147 5.329
0.00039019 -1.60000 10.04139 0.6499999762 2.3520355225    0.650 -0.435  3.7516  4.644    1  0.000  0.543     0.00     0.00 -1 -2.72e-14      0.00 8.056e-01 1.941e-01 6.018e-05 1.627e-05 1.478e-04 -1.000 3.356e-04 5.858 5.811 6.129 5.315
0.00039019 -1.60000 10.04139 0.6612002850 2.3582274914    0.661 -0.386  3.7576  4.627    1  0.000  0.543     0.00     0.00 -1 -3.08e-14      0.00 8.097e-01 1.900e-01 5.913e-05 1.599e-05 1.452e-04 -1.000 3.332e-04 5.735 5.689 5.993 5.206
0.00039019 -1.60000 10.04139 0.6745647788 2.3653073311    0.674 -0.327  3.7645  4.604    1  0.000  0.542     0.00     0.00 -1 -3.59e-14      0.00 8.148e-01 1.849e-01 5.780e-05 1.564e-05 1.421e-04 -1.000 3.459e-04 5.587 5.542 5.832 5.075
0.00039019 -1.60000 10.04139 0.6869372725 2.3715801239    0.687 -0.271  3.7708  4.581    1  0.000  0.542     0.00     0.00 -1 -4.15e-14      0.00 8.199e-01 1.797e-01 5.647e-05 1.528e-05 1.389e-04 -1.000 3.435e-04 5.448 5.405 5.682 4.951
0.00039019 -1.60000 10.04139 0.6983032823 2.3771178722    0.698 -0.219  3.7764  4.558    1  0.000  0.542     0.00     0.00 -1 -4.73e-14      0.00 8.250e-01 1.747e-01 5.518e-05 1.493e-05 1.358e-04 -1.000 3.293e-04 5.317 5.276 5.542 4.834
0.00039019 -1.60000 10.04139 0.6999999881 2.3779268265    0.700 -0.211  3.7772  4.555    1  0.000  0.542     0.00     0.00 -1 -4.87e-14      0.00 8.258e-01 1.739e-01 5.498e-05 1.488e-05 1.353e-04 -1.000 3.169e-04 5.297 5.256 5.521 4.816
0.00039019 -1.60000 10.04139 0.7090131640 2.3821494579    0.709 -0.167  3.7814  4.534    1  0.000  0.540     0.00     0.00 -1 -5.47e-14      0.00 8.308e-01 1.689e-01 5.352e-05 1.453e-05 1.322e-04 -1.000 2.458e-04 5.189 5.150 5.406 4.719
0.00039019 -1.60000 10.04139 0.7194936872 2.3869071007    0.719 -0.116  3.7862  4.507    1  0.000  0.538     0.00     0.00 -1 -6.31e-14      0.00 8.367e-01 1.630e-01 5.184e-05 1.411e-05 1.285e-04 -1.000 2.622e-04 5.059 5.023 5.270 4.602
0.00039019 -1.60000 10.04139 0.7293736339 2.3912482262    0.729 -0.065  3.7906  4.480    1  0.000  0.536     0.00     0.00 -1 -7.27e-14      0.00 8.422e-01 1.576e-01 5.031e-05 1.374e-05 1.252e-04 -1.000 2.567e-04 4.932 4.897 5.137 4.486
0.00039019 -1.60000 10.04139 0.7380453944 2.3949487209    0.738 -0.018  3.7943  4.453    1  0.000  0.534     0.00     0.00 -1  -8.3e-14      0.00 8.468e-01 1.530e-01 4.905e-05 1.343e-05 1.225e-04 -1.000 2.522e-04 4.814 4.781 5.014 4.378
0.00039019 -1.60000 10.04139 0.7466074228 2.3985054493    0.746  0.031  3.7978  4.423    1  0.000  0.532     0.00     0.00 -1 -9.54e-14      0.00 8.511e-01 1.487e-01 4.789e-05 1.315e-05 1.200e-04 -1.000 2.500e-04 4.693 4.661 4.887 4.266
0.00039019 -1.60000 10.04139 0.7500000000 2.3998889923    0.749  0.051  3.7992  4.411    1  0.000  0.531     0.00     0.00 -1 -1.01e-13      0.00 8.527e-01 1.471e-01 4.745e-05 1.304e-05 1.191e-04 -1.000 2.459e-04 4.643 4.612 4.836 4.220
0.00039019 -1.60000 10.04139 0.7581292987 2.4031462669    0.758  0.100  3.8025  4.379    1  0.000  0.531     0.00     0.00 -1 -1.17e-13      0.00 8.545e-01 1.453e-01 4.720e-05 1.298e-05 1.186e-04 -1.000 2.502e-04 4.520 4.489 4.707 4.105
0.00039019 -1.60000 10.04139 0.7660931945 2.4062604904    0.765  0.152  3.8057  4.345    1  0.000  0.530     0.00     0.00 -1 -1.36e-13      0.00 8.561e-01 1.436e-01 4.700e-05 1.293e-05 1.182e-04 -1.000 2.646e-04 4.390 4.359 4.573 3.983
0.00039019 -1.60000 10.04139 0.7734334469 2.4090654850    0.773  0.203  3.8085  4.309    1  0.000  0.530     0.00     0.00 -1 -1.59e-13      0.00 8.574e-01 1.423e-01 4.684e-05 1.289e-05 1.179e-04 -1.000 2.600e-04 4.263 4.232 4.440 3.862
0.00039019 -1.60000 10.04139 0.7801513672 2.4115793705    0.779  0.253  3.8109  4.272    1  0.000  0.529     0.00     0.00 -1 -1.85e-13      0.00 8.585e-01 1.412e-01 4.672e-05 1.286e-05 1.177e-04 -1.000 2.459e-04 4.138 4.107 4.311 3.742
0.00039019 -1.60000 10.04139 0.7862984538 2.4138367176    0.785  0.302  3.8127  4.234    1  0.000  0.529     0.00     0.00 -1 -2.15e-13      0.00 8.593e-01 1.405e-01 4.668e-05 1.286e-05 1.177e-04 -1.000 2.740e-04 4.016 3.984 4.186 3.624
0.00039019 -1.60000 10.04139 0.7920245528 2.4159030914    0.791  0.350  3.8139  4.193    1  0.000  0.529     0.00     0.00 -1 -2.51e-13      0.00 8.589e-01 1.408e-01 4.690e-05 1.292e-05 1.182e-04 -1.000 2.994e-04 3.894 3.861 4.061 3.504
0.00039019 -1.60000 10.04139 0.7959476113 2.4172990322    0.795  0.385  3.8144  4.163    1  0.000  0.529     0.00     0.00 -1 -2.82e-13      0.00 8.583e-01 1.413e-01 4.711e-05 1.298e-05 1.188e-04 -1.000 3.130e-04 3.808 3.774 3.973 3.419
0.00039019 -1.60000 10.04139 0.7974295020 2.4178223610    0.796  0.399  3.8143  4.149    1  0.000  0.529     0.00     0.00 -1 -2.97e-13      0.00 8.581e-01 1.416e-01 4.720e-05 1.300e-05 1.190e-04 -1.000 3.152e-04 3.772 3.737 3.936 3.382
0.00039019 -1.60000 10.04139 0.8000000119 2.4187245369    0.799  0.426  3.8137  4.121    1  0.000  0.529     0.00     0.00 -1 -3.24e-13      0.00 8.577e-01 1.420e-01 4.735e-05 1.305e-05 1.194e-04 -1.000 3.188e-04 3.705 3.670 3.870 3.314
0.00039019 -1.60000 10.04139 0.8030903935 2.4198005199    0.802  0.458  3.8130  4.088    1  0.000  0.529     0.00     0.00 -1 -3.61e-13      0.00 8.567e-01 1.430e-01 4.766e-05 1.313e-05 1.202e-04 -1.000 3.205e-04 3.625 3.589 3.789 3.231
0.00039019 -1.60000 10.04139 0.8074811697 2.4213130474    0.806  0.511  3.8097  4.024    1  0.000  0.529     0.00     0.00 -1 -4.38e-13      0.00 8.553e-01 1.444e-01 4.810e-05 1.325e-05 1.212e-04 -1.000 3.230e-04 3.491 3.454 3.659 3.090
0.00039019 -1.60000 10.04139 0.8082236052 2.4215669632    0.807  0.521  3.8089  4.011    1  0.000  0.529     0.00     0.00 -1 -4.58e-13      0.00 8.550e-01 1.446e-01 4.817e-05 1.327e-05 1.214e-04 -1.000 3.234e-04 3.467 3.428 3.635 3.063
0.00039019 -1.60000 10.04139 0.8089233041 2.4218056202    0.807  0.532  3.8077  3.996    1  0.000  0.529     0.00     0.00 -1 -4.76e-13      0.00 8.548e-01 1.449e-01 4.824e-05 1.329e-05 1.216e-04 -1.000 3.238e-04 3.441 3.402 3.611 3.035
0.00039019 -1.60000 10.04139 0.8112744093 2.4226045609    0.810  0.568  3.8027  3.941    2  0.000  0.529     0.00     0.00 -1 -5.48e-13      0.00 8.540e-01 1.456e-01 4.847e-05 1.335e-05 1.222e-04 -1.000 3.250e-04 3.349 3.309 3.525 2.931
0.00039019 -1.60000 10.04139 0.8130659461 2.4232096672    0.811  0.600  3.7968  3.886    2  0.000  0.529     0.00     0.00 -1 -6.27e-13      0.00 8.535e-01 1.462e-01 4.865e-05 1.340e-05 1.226e-04 -1.000 3.261e-04 3.270 3.228 3.454 2.838
0.00039019 -1.60000 10.04139 0.8144637346 2.4236798286    0.813  0.628  3.7896  3.830    2  0.000  0.529     0.00     0.00 -1 -7.14e-13      0.00 8.530e-01 1.467e-01 4.879e-05 1.344e-05 1.230e-04 -1.000 3.268e-04 3.199 3.156 3.394 2.752
0.00039019 -1.60000 10.04139 0.8155881166 2.4240565300    0.814  0.653  3.7820  3.776    2  0.000  0.530     0.00     0.00 -1 -8.04e-13      0.00 8.446e-01 1.551e-01 5.144e-05 1.416e-05 1.295e-04 -1.000 3.232e-04 3.138 3.095 3.345 2.674
0.00039019 -1.60000 10.04139 0.8165243864 2.4243693352    0.815  0.675  3.7743  3.724    2  0.000  0.531     0.00     0.00 -1 -8.98e-13      0.00 8.291e-01 1.706e-01 5.569e-05 1.531e-05 1.398e-04 -1.000 3.127e-04 3.083 3.040 3.305 2.603
0.00039019 -1.60000 10.04139 0.8173398972 2.4246411324    0.816  0.695  3.7669  3.674    2  0.000  0.533     0.00     0.00 -1 -9.97e-13      0.00 8.080e-01 1.916e-01 6.061e-05 1.663e-05 1.515e-04 -1.000 3.394e-04 3.032 2.989 3.267 2.537
0.00039019 -1.60000 10.04139 0.8180922866 2.4248912334    0.816  0.718  3.7597  3.623    2  0.000  0.535     0.00     0.00 -1 -1.11e-12      0.00 7.905e-01 2.092e-01 6.464e-05 1.770e-05 1.611e-04 -1.000 3.479e-04 2.975 2.933 3.225 2.466
0.00039019 -1.60000 10.04139 0.8188473582 2.4251418114    0.817  0.749  3.7528  3.565    2  0.000  0.536     0.00     0.00 -1 -1.28e-12      0.00 7.790e-01 2.206e-01 6.726e-05 1.840e-05 1.674e-04 -1.000 3.772e-04 2.898 2.859 3.164 2.378
0.00039019 -1.60000 10.04139 0.8194378614 2.4253373146    0.818  0.781  3.7481  3.514    2  0.000  0.536     0.00     0.00 -1 -1.46e-12      0.00 7.734e-01 2.262e-01 6.857e-05 1.875e-05 1.705e-04 -1.000 3.871e-04 2.818 2.781 3.095 2.290
0.00039019 -1.60000 10.04139 0.8200222850 2.4255306721    0.818  0.819  3.7441  3.460    2  0.000  0.536     0.00     0.00 -1  -1.7e-12      0.00 7.695e-01 2.302e-01 6.948e-05 1.900e-05 1.727e-04 -1.000 3.459e-04 2.722 2.687 3.009 2.188
0.00039019 -1.60000 10.04139 0.8202074170 2.4255917072    0.818  0.834  3.7431  3.441    2  0.000  0.537     0.00     0.00 -1 -1.79e-12      0.00 7.686e-01 2.311e-01 6.968e-05 1.905e-05 1.732e-04 -1.000 3.546e-04 2.685 2.650 2.974 2.149
0.00039019 -1.60000 10.04139 0.8207041621 2.4257557392    0.819  0.876  3.7407  3.390    3  0.000  0.537     0.00     0.00 -1 -2.08e-12      0.00 7.662e-01 2.334e-01 7.016e-05 1.918e-05 1.743e-04 -1.000 4.107e-04 2.581 2.548 2.877 2.042
0.00039019 -1.60000 10.04139 0.8212475181 2.4259347916    0.819  0.924  3.7383  3.332    3  0.000  0.537     0.00     0.00 -1 -2.49e-12      0.00 7.638e-01 2.358e-01 7.059e-05 1.929e-05 1.753e-04 -1.000 3.978e-04 2.459 2.428 2.761 1.917
0.00039019 -1.60000 10.04139 0.8217087388 2.4260864258    0.820  0.970  3.7365  3.280    3  0.000  0.537     0.00     0.00 -1 -2.93e-12      0.00 7.620e-01 2.376e-01 7.088e-05 1.937e-05 1.760e-04 -1.000 3.975e-04 2.346 2.317 2.654 1.803
0.00039019 -1.60000 10.04139 0.8221494555 2.4262313843    0.820  1.016  3.7348  3.227    3  0.000  0.537     0.00     0.00 -1 -3.47e-12      0.00 7.602e-01 2.393e-01 7.111e-05 1.944e-05 1.766e-04 -1.000 4.188e-04 2.231 2.203 2.544 1.686
0.00039019 -1.60000 10.04139 0.8225971460 2.4263782501    0.820  1.066  3.7331  3.170    3  0.000  0.537     0.00     0.00 -1 -4.15e-12      0.00 7.584e-01 2.411e-01 7.129e-05 1.951e-05 1.772e-04 -1.000 4.067e-04 2.105 2.079 2.423 1.559
0.00039019 -1.60000 10.04139 0.8230084777 2.4265131950    0.821  1.116  3.7315  3.114    3  0.000  0.536     0.00     0.00 -1 -4.97e-12      0.00 7.568e-01 2.428e-01 7.137e-05 1.957e-05 1.776e-04 -1.000 3.976e-04 1.980 1.955 2.302 1.432
0.00039019 -1.60000 10.04139 0.8233777881 2.4266340733    0.821  1.164  3.7300  3.060    3  0.000  0.535     0.00     0.00 -1 -5.91e-12      0.00 7.553e-01 2.443e-01 7.134e-05 1.967e-05 1.779e-04 -1.000 3.902e-04 1.859 1.836 2.185 1.310
0.00039019 -1.60000 10.04139 0.8237006664 2.4267396927    0.821  1.210  3.7286  3.008    3  0.000  0.533     0.00     0.00 -1 -6.97e-12      0.00 7.539e-01 2.457e-01 7.121e-05 1.980e-05 1.781e-04 -1.000 3.949e-04 1.744 1.723 2.075 1.194
0.00039019 -1.60000 10.04139 0.8240151405 2.4268424511    0.821  1.259  3.7271  2.954    3  0.000  0.531     0.00     0.00 -1 -8.31e-12      0.00 7.527e-01 2.469e-01 7.096e-05 2.003e-05 1.784e-04 -1.000 4.176e-04 1.622 1.602 1.958 1.071
0.00039019 -1.60000 10.04139 0.8243168592 2.4269411564    0.821  1.310  3.7254  2.896    3  0.000  0.528     0.00     0.00 -1 -9.98e-12      0.00 7.516e-01 2.480e-01 7.062e-05 2.035e-05 1.785e-04 -1.000 4.047e-04 1.495 1.476 1.835 0.942
0.00039019 -1.60000 10.04139 0.8245698214 2.4270236492    0.822  1.357  3.7239  2.844    3  0.000  0.525     0.00     0.00 -1 -1.18e-11      0.00 7.507e-01 2.489e-01 7.028e-05 2.070e-05 1.786e-04 -1.000 3.932e-04 1.378 1.361 1.723 0.824
0.00039019 -1.60000 10.04139 0.8248004913 2.4270987511    0.822  1.403  3.7224  2.791    3  0.000  0.523     0.00     0.00 -1 -1.39e-11      0.00 7.500e-01 2.496e-01 6.994e-05 2.106e-05 1.787e-04 -1.000 4.164e-04 1.263 1.248 1.613 0.708
0.00039019 -1.60000 10.04139 0.8250174522 2.4271695614    0.822  1.450  3.7208  2.738    3  0.000  0.520     0.00     0.00 -1 -1.65e-11      0.00 7.494e-01 2.501e-01 6.964e-05 2.139e-05 1.788e-04 -1.000 4.082e-04 1.144 1.131 1.500 0.588
0.00039019 -1.60000 10.04139 0.8252092600 2.4272320271    0.822  1.496  3.7192  2.686    3  0.000  0.518     0.00     0.00 -1 -1.95e-11      0.00 7.491e-01 2.505e-01 6.942e-05 2.164e-05 1.789e-04 -1.000 4.027e-04 1.030 1.019 1.391 0.473
0.00039019 -1.60000 10.04139 0.8253916502 2.4272913933    0.822  1.543  3.7175  2.632    3  0.000  0.517     0.00     0.00 -1 -2.32e-11      0.00 7.488e-01 2.508e-01 6.925e-05 2.184e-05 1.789e-04 -1.000 4.109e-04 0.912 0.903 1.279 0.354
0.00039019 -1.60000 10.04139 0.8255524635 2.4273436069    0.822  1.589  3.7158  2.579    3  0.000  0.516     0.00     0.00 -1 -2.73e-11      0.00 7.486e-01 2.510e-01 6.915e-05 2.196e-05 1.790e-04 -1.000 4.188e-04 0.798 0.792 1.171 0.239
0.00039019 -1.60000 10.04139 0.8256955147 2.4273903370    0.822  1.633  3.7141  2.529    3  0.000  0.516     0.00     0.00 -1  -3.2e-11      0.00 7.485e-01 2.511e-01 6.909e-05 2.203e-05 1.790e-04 -1.000 4.188e-04 0.688 0.684 1.067 0.128
0.00039019 -1.60000 10.04139 0.8258318305 2.4274346828    0.822  1.678  3.7124  2.476    3  0.000  0.516     0.00     0.00 -1 -3.78e-11      0.00 7.485e-01 2.511e-01 6.907e-05 2.206e-05 1.790e-04 -1.000 4.188e-04 0.574 0.572 0.959 0.013
0.00039019 -1.60000 10.04139 0.8259552717 2.4274747372    0.822  1.723  3.7106  2.424    3  0.000  0.516     0.00     0.00 -1 -4.46e-11      0.00 7.484e-01 2.511e-01 6.907e-05 2.207e-05 1.790e-04 -1.000 4.188e-04 0.462 0.461 0.852 -0.102
0.00039019 -1.60000 10.04139 0.8260639310 2.4275100231    0.821  1.766  3.7089  2.374    3  0.000  0.515     0.00     0.00 -1 -5.21e-11      0.00 7.484e-01 2.511e-01 6.906e-05 2.207e-05 1.790e-04 -1.000 4.188e-04 0.354 0.356 0.751 -0.211
0.00039019 -1.60000 10.04139 0.8261637092 2.4275424480    0.821  1.809  3.7071  2.324    3  0.000  0.515     0.00     0.00 -1 -6.09e-11      0.00 7.484e-01 2.512e-01 6.906e-05 2.208e-05 1.790e-04 -1.000 4.189e-04 0.248 0.252 0.651 -0.319
0.00039019 -1.60000 10.04139 0.8262603283 2.4275736809    0.821  1.853  3.7053  2.272    3  0.000  0.515     0.00     0.00 -1 -7.16e-11      0.00 7.484e-01 2.512e-01 6.905e-05 2.208e-05 1.790e-04 -1.000 4.188e-04 0.136 0.143 0.547 -0.431
0.00039019 -1.60000 10.04139 0.8263449073 2.4276013374    0.821  1.896  3.7035  2.223    3  0.000  0.515     0.00     0.00 -1 -8.36e-11      0.00 7.484e-01 2.512e-01 6.905e-05 2.209e-05 1.790e-04 -1.000 4.188e-04 0.031 0.041 0.449 -0.538
0.00039019 -1.60000 10.04139 0.8264226317 2.4276263714    0.821  1.937  3.7017  2.174    3  0.000  0.515     0.00     0.00 -1 -9.73e-11      0.00 7.484e-01 2.512e-01 6.905e-05 2.209e-05 1.790e-04 -1.000 4.188e-04 -0.073 -0.061 0.353 -0.643
0.00039019 -1.60000 10.04139 0.8264963031 2.4276504517    0.820  1.979  3.6998  2.124    3  0.000  0.515     0.00     0.00 -1 -1.13e-10      0.00 7.484e-01 2.512e-01 6.904e-05 2.210e-05 1.790e-04 -1.000 4.188e-04 -0.178 -0.163 0.255 -0.750
0.00039019 -1.60000 10.04139 0.8265610933 2.4276714325    0.820  2.018  3.6980  2.077    3  0.000  0.515     0.00     0.00 -1 -1.31e-10      0.00 7.484e-01 2.512e-01 6.904e-05 2.210e-05 1.790e-04 -1.000 4.187e-04 -0.276 -0.258 0.165 -0.848
0.00039019 -1.60000 10.04139 0.8266234994 2.4276916981    0.820  2.056  3.6963  2.032    3  0.000  0.515     0.00     0.00 -1 -1.51e-10      0.00 7.484e-01 2.512e-01 6.904e-05 2.210e-05 1.790e-04 -1.000 4.188e-04 -0.371 -0.350 0.078 -0.944
0.00039019 -1.60000 10.04139 0.8266882896 2.4277126789    0.819  2.091  3.6947  1.992    3  0.000  0.515     0.00     0.00 -1 -1.71e-10      0.00 7.484e-01 2.512e-01 6.904e-05 2.211e-05 1.790e-04 -1.000 4.188e-04 -0.457 -0.432 -0.001 -1.030
0.00039019 -1.60000 10.04139 0.8267462254 2.4277315140    0.819  2.115  3.6937  1.963    3  0.000  0.515     0.00     0.00 -1 -1.88e-10      0.00 7.484e-01 2.512e-01 6.903e-05 2.211e-05 1.790e-04 -1.000 4.188e-04 -0.517 -0.491 -0.056 -1.092
0.00039019 -1.60000 10.04139 0.8267926574 2.4277465343    0.818  2.099  3.6947  1.982    3  0.000  0.515     0.00     0.00 -1 -1.79e-10      0.00 7.484e-01 2.512e-01 6.903e-05 2.211e-05 1.790e-04 -1.000 4.187e-04 -0.478 -0.454 -0.022 -1.052
0.00039019 -1.60000 10.04139 0.8267988563 2.4277484417    0.818  2.097  3.6948  1.985    3  0.000  0.515     0.00     0.00 -1 -1.77e-10      0.00 7.484e-01 2.512e-01 6.903e-05 2.211e-05 1.790e-04 -1.000 4.188e-04 -0.473 -0.449 -0.017 -1.047
0.00039019 -1.60000 10.04139 0.8268307447 2.4277589321    0.818  2.124  3.6936  1.953    3  0.000  0.515     0.00     0.00 -1 -1.94e-10      0.00 7.484e-01 2.512e-01 6.903e-05 2.212e-05 1.790e-04 -1.000 4.188e-04 -0.539 -0.513 -0.078 -1.114
0.00039019 -1.60000 10.04139 0.8268792033 2.4277744293    0.818  2.166  3.6915  1.903    3  0.000  0.515     0.00     0.00 -1 -2.26e-10      0.00 7.484e-01 2.512e-01 6.903e-05 2.212e-05 1.790e-04 -1.000 4.188e-04 -0.645 -0.615 -0.173 -1.220
0.00039019 -1.60000 10.04139 0.8269243240 2.4277892113    0.817  2.208  3.6894  1.852    3  0.000  0.515     0.00     0.00 -1 -2.63e-10      0.00 7.484e-01 2.512e-01 6.903e-05 2.212e-05 1.790e-04 -1.000 4.188e-04 -0.750 -0.715 -0.268 -1.326
0.00039019 -1.60000 10.04139 0.8269658685 2.4278025627    0.817  2.249  3.6873  1.802    3  0.000  0.515     0.00     0.00 -1 -3.07e-10      0.00 7.484e-01 2.512e-01 6.902e-05 2.212e-05 1.790e-04 -1.000 4.188e-04 -0.853 -0.814 -0.361 -1.430
0.00039019 -1.60000 10.04139 0.8270024657 2.4278144836    0.816  2.288  3.6852  1.754    3  0.000  0.515     0.00     0.00 -1 -3.55e-10      0.00 7.484e-01 2.512e-01 6.902e-05 2.213e-05 1.790e-04 -1.000 4.188e-04 -0.951 -0.909 -0.448 -1.530
0.00039019 -1.60000 10.04139 0.8270380497 2.4278259277    0.816  2.329  3.6832  1.705    3  0.000  0.515     0.00     0.00 -1 -4.13e-10      0.00 7.484e-01 2.512e-01 6.902e-05 2.213e-05 1.790e-04 -1.000 4.188e-04 -1.053 -1.008 -0.538 -1.636
0.00039019 -1.60000 10.04139 0.8270693421 2.4278361797    0.815  2.368  3.6810  1.657    3  0.000  0.515     0.00     0.00 -1 -4.77e-10      0.00 7.484e-01 2.512e-01 6.902e-05 2.213e-05 1.790e-04 -1.000 4.188e-04 -1.149 -1.101 -0.622 -1.735
0.00039019 -1.60000 10.04139 0.8270997405 2.4278459549    0.814  2.408  3.6789  1.609    3  0.000  0.515     0.00     0.00 -1 -5.53e-10      0.00 7.483e-01 2.512e-01 6.902e-05 2.213e-05 1.790e-04 -1.000 4.188e-04 -1.249 -1.196 -0.709 -1.837
0.00039019 -1.60000 10.04139 0.8271266818 2.4278547764    0.814  2.445  3.6767  1.562    3  0.000  0.515     0.00     0.00 -1 -6.37e-10      0.00 7.483e-01 2.512e-01 6.902e-05 2.213e-05 1.790e-04 -1.000 4.188e-04 -1.344 -1.286 -0.789 -1.934
0.00039019 -1.60000 10.04139 0.8271580935 2.4278647900    0.813  2.493  3.6741  1.503    3  0.000  0.515     0.00     0.00 -1  -7.6e-10      0.00 7.483e-01 2.512e-01 6.902e-05 2.213e-05 1.790e-04 -1.000 4.188e-04 -1.462 -1.398 -0.889 -2.055
0.00039019 -1.60000 10.04139 0.8271860480 2.4278738499    0.812  2.538  3.6714  1.446    3  0.000  0.515     0.00     0.00 -1 -9.02e-10      0.00 7.483e-01 2.512e-01 6.902e-05 2.214e-05 1.790e-04 -1.000 4.188e-04 -1.576 -1.502 -0.985 -2.165
0.00039019 -1.60000 10.04139 0.8272079825 2.4278810024    0.811  2.577  3.6691  1.398    3  0.000  0.515     0.00     0.00 -1 -1.04e-09      0.00 7.483e-01 2.512e-01 6.901e-05 2.214e-05 1.790e-04 -1.000 4.188e-04 -1.672 -1.592 -1.064 -2.263
0.00039019 -1.60000 10.04139 0.8272312284 2.4278886318    0.810  2.621  3.6665  1.343    3  0.000  0.515     0.00     0.00 -1 -1.23e-09      0.00 7.483e-01 2.512e-01 6.901e-05 2.214e-05 1.790e-04 -1.000 4.188e-04 -1.782 -1.693 -1.151 -2.374
0.00039019 -1.60000 10.04139 0.8272499442 2.4278945923    0.808  2.659  3.6642  1.296    3  0.000  0.515     0.00     0.00 -1 -1.42e-09      0.00 7.483e-01 2.512e-01 6.901e-05 2.214e-05 1.790e-04 -1.000 4.188e-04 -1.876 -1.780 -1.225 -2.469
0.00039019 -1.60000 10.04139 0.8272695541 2.4279010296    0.807  2.701  3.6615  1.242    3  0.000  0.515     0.00     0.00 -1 -1.66e-09      0.00 7.483e-01 2.512e-01 6.901e-05 2.214e-05 1.790e-04 -1.000 4.188e-04 -1.983 -1.876 -1.307 -2.576
0.00039019 -1.60000 10.04139 0.8272884488 2.4279072285    0.806  2.745  3.6587  1.186    3  0.000  0.515     0.00     0.00 -1 -1.96e-09      0.00 7.483e-01 2.512e-01 6.901e-05 2.214e-05 1.790e-04 -1.000 4.188e-04 -2.092 -1.975 -1.389 -2.686
0.00039019 -1.60000 10.04139 0.8273060322 2.4279127121    0.804  2.789  3.6559  1.130    3  0.000  0.515     0.00     0.00 -1 -2.32e-09      0.00 7.483e-01 2.512e-01 6.901e-05 2.214e-05 1.790e-04 -1.000 4.188e-04 -2.202 -2.072 -1.471 -2.793
0.00039019 -1.60000 10.04139 0.8273212910 2.4279177189    0.802  2.830  3.6532  1.077    3  0.000  0.515     0.00     0.00 -1 -2.71e-09      0.00 7.483e-01 2.512e-01 6.901e-05 2.214e-05 1.790e-04 -1.000 4.188e-04 -2.304 -2.162 -1.548 -2.892
0.00039019 -1.60000 10.04139 0.8273363113 2.4279224873    0.800  2.873  3.6504  1.022    3  0.000  0.515     0.00     0.00 -1  -3.2e-09      0.00 7.483e-01 2.513e-01 6.901e-05 2.215e-05 1.790e-04 -1.000 4.188e-04 -2.412 -2.256 -1.629 -2.996
0.00039019 -1.60000 10.04139 0.8273493052 2.4279267788    0.798  2.913  3.6477  0.970    3  0.000  0.515     0.00     0.00 -1 -3.72e-09      0.00 7.483e-01 2.513e-01 6.901e-05 2.215e-05 1.790e-04 -1.000 4.188e-04 -2.511 -2.342 -1.700 -3.091
0.00039019 -1.60000 10.04139 0.8273618221 2.4279308319    0.796  2.954  3.6450  0.917    3  0.000  0.515     0.00     0.00 -1 -4.36e-09      0.00 7.483e-01 2.513e-01 6.901e-05 2.215e-05 1.790e-04 -1.000 4.188e-04 -2.614 -2.430 -1.773 -3.189
0.00039019 -1.60000 10.04139 0.8273736238 2.4279346466    0.793  2.995  3.6421  0.863    3  0.000  0.515     0.00     0.00 -1 -5.11e-09      0.00 7.483e-01 2.513e-01 6.901e-05 2.215e-05 1.790e-04 -1.000 4.188e-04 -2.717 -2.517 -1.843 -3.286
0.00039019 -1.60000 10.04139 0.8273839355 2.4279379845    0.791  3.033  3.6394  0.812    3  0.000  0.515     0.00     0.00 -1 -5.93e-09      0.00 7.483e-01 2.513e-01 6.901e-05 2.215e-05 1.790e-04 -1.000 4.188e-04 -2.813 -2.597 -1.908 -3.377
0.00039019 -1.60000 10.04139 0.8273938894 2.4279413223    0.788  3.073  3.6367  0.760    3  0.000  0.515     0.00     0.00 -1  -6.9e-09      0.00 7.483e-01 2.513e-01 6.901e-05 2.215e-05 1.790e-04 -1.000 4.188e-04 -2.912 -2.679 -1.974 -3.469
0.00039019 -1.60000 10.04139 0.8274032474 2.4279441833    0.784  3.112  3.6338  0.708    3  0.000  0.515     0.00     0.00 -1 -8.04e-09      0.00 7.483e-01 2.513e-01 6.901e-05 2.215e-05 1.790e-04 -1.000 4.188e-04 -3.010 -2.760 -2.037 -3.559
0.00039019 -1.60000 10.04139 0.8274117708 2.4279470444    0.781  3.150  3.6311  0.658    3  0.000  0.515     0.00     0.00 -1 -9.32e-09      0.00 7.483e-01 2.513e-01 6.901e-05 2.215e-05 1.790e-04 -1.000 4.188e-04 -3.104 -2.837 -2.099 -3.647
0.00039019 -1.60000 10.04139 0.8274202347 2.4279496670    0.777  3.189  3.6283  0.605    3  0.000  0.515     0.00     0.00 -1 -1.09e-08      0.00 7.483e-01 2.513e-01 6.901e-05 2.215e-05 1.790e-04 -1.000 4.188e-04 -3.203 -2.918 -2.163 -3.738
0.00039019 -1.60000 10.04139 0.8274278045 2.4279522896    0.773  3.227  3.6256  0.554    3  0.000  0.515     0.00     0.00 -1 -1.26e-08      0.00 7.483e-01 2.513e-01 6.901e-05 2.215e-05 1.790e-04 -1.000 4.188e-04 -3.297 -2.993 -2.221 -3.823
0.00039019 -1.60000 10.04139 0.8274350762 2.4279546738    0.768  3.264  3.6229  0.503    3  0.000  0.515     0.00     0.00 -1 -1.46e-08      0.00 7.483e-01 2.513e-01 6.900e-05 2.215e-05 1.790e-04 -1.000 4.188e-04 -3.390 -3.068 -2.278 -3.908
0.00039019 -1.60000 10.04139 0.8274412155 2.4279565811    0.764  3.294  3.6208  0.463    3  0.000  0.515     0.00     0.00 -1 -1.65e-08      0.00 7.483e-01 2.513e-01 6.900e-05 2.215e-05 1.790e-04 -1.000 4.188e-04 -3.464 -3.127 -2.321 -3.975
0.00039019 -1.60000 10.04139 0.8274412155 2.4279565811    0.764  1.731  3.7795  2.660    4  0.000  0.526     0.00     0.00 -1    -1e-30      0.00 7.453e-01 2.543e-01 7.186e-05 2.103e-05 1.824e-04 -1.000 4.188e-04 0.443 0.374 0.624 -0.038
0.00039019 -1.60000 10.04139 0.8274896145 2.4279723167    0.764  1.750  3.7751  2.623    4  0.000  0.526     0.00     0.00 -1    -1e-30      0.00 7.453e-01 2.543e-01 7.186e-05 2.103e-05 1.824e-04 -1.000 4.188e-04 0.395 0.329 0.587 -0.093
0.00039019 -1.60000 10.04139 0.8275388479 2.4279880524    0.764  1.753  3.7751  2.621    4  0.000  0.526     0.00     0.00 -1    -1e-30      0.00 7.453e-01 2.543e-01 7.186e-05 2.103e-05 1.824e-04 -1.000 4.188e-04 0.388 0.322 0.580 -0.099
0.00039019 -1.60000 10.04139 0.8275889158 2.4280042648    0.764  1.754  3.7755  2.622    4  0.000  0.526     0.00     0.00 -1    -1e-30      0.00 7.453e-01 2.543e-01 7.186e-05 2.103e-05 1.824e-04 -1.000 4.188e-04 0.386 0.320 0.577 -0.101
0.00039019 -1.60000 10.04139 0.8276384473 2.4280204773    0.764  1.754  3.7762  2.624    4  0.000  0.526     0.00     0.00 -1    -1e-30      0.00 7.453e-01 2.543e-01 7.186e-05 2.103e-05 1.824e-04 -1.000 4.189e-04 0.385 0.318 0.574 -0.101
0.00039019 -1.60000 10.04139 0.8276897073 2.4280369282    0.764  1.754  3.7771  2.627    4  0.000  0.526     0.00     0.00 -1    -1e-30      0.00 7.453e-01 2.543e-01 7.186e-05 2.103e-05 1.824e-04 -1.000 4.188e-04 0.384 0.317 0.571 -0.100
0.00039019 -1.60000 10.04139 0.8277395964 2.4280531406    0.764  1.754  3.7781  2.632    4  0.000  0.526     0.00     0.00 -1    -1e-30      0.00 7.453e-01 2.543e-01 7.186e-05 2.103e-05 1.824e-04 -1.000 4.188e-04 0.385 0.317 0.569 -0.098
0.00039019 -1.60000 10.04139 0.8277933598 2.4280705452    0.764  1.753  3.7794  2.638    4  0.000  0.526     0.00     0.00 -1    -1e-30      0.00 7.453e-01 2.543e-01 7.186e-05 2.103e-05 1.824e-04 -1.000 4.188e-04 0.386 0.317 0.567 -0.095
0.00039019 -1.60000 10.04139 0.8278438449 2.4280867577    0.764  1.753  3.7807  2.643    4  0.000  0.526     0.00     0.00 -1    -1e-30      0.00 7.453e-01 2.543e-01 7.186e-05 2.103e-05 1.824e-04 -1.000 4.188e-04 0.388 0.318 0.566 -0.091
0.00039019 -1.60000 10.04139 0.8278960586 2.4281036854    0.764  1.752  3.7820  2.649    4  0.000  0.526     0.00     0.00 -1    -1e-30      0.00 7.453e-01 2.543e-01 7.186e-05 2.103e-05 1.824e-04 -1.000 4.188e-04 0.390 0.319 0.564 -0.087
0.00039019 -1.60000 10.04139 0.8279454708 2.4281196594    0.765  1.751  3.7831  2.655    4  0.000  0.526     0.00     0.00 -1    -1e-30      0.00 7.453e-01 2.543e-01 7.186e-05 2.103e-05 1.824e-04 -1.000 4.188e-04 0.392 0.320 0.563 -0.083
0.00039019 -1.60000 10.04139 0.8279992342 2.4281370640    0.765  1.751  3.7843  2.660    4  0.000  0.526     0.00     0.00 -1    -1e-30      0.00 7.453e-01 2.543e-01 7.186e-05 2.103e-05 1.824e-04 -1.000 4.188e-04 0.393 0.321 0.562 -0.080
0.00039019 -1.60000 10.04139 0.8280532956 2.4281544685    0.765  1.750  3.7851  2.664    4  0.000  0.526     0.00     0.00 -1    -1e-30      0.00 7.453e-01 2.543e-01 7.186e-05 2.103e-05 1.824e-04 -1.000 4.188e-04 0.395 0.321 0.561 -0.078
0.00039019 -1.60000 10.04139 0.8281045556 2.4281709194    0.765  1.750  3.7859  2.667    4  0.000  0.526     0.00     0.00 -1    -1e-30      0.00 7.453e-01 2.543e-01 7.186e-05 2.103e-05 1.824e-04 -1.000 4.188e-04 0.395 0.321 0.560 -0.076
0.00039019 -1.60000 10.04139 0.8281556368 2.4281876087    0.765  1.750  3.7863  2.669    4  0.000  0.526     0.00     0.00 -1    -1e-30      0.00 7.453e-01 2.543e-01 7.186e-05 2.103e-05 1.824e-04 -1.000 4.188e-04 0.396 0.321 0.559 -0.075
0.00039019 -1.60000 10.04139 0.8281615973 2.4281895161    0.765  1.750  3.7863  2.669    4  0.000  0.526     0.00     0.00 -1    -1e-30      0.00 7.453e-01 2.543e-01 7.186e-05 2.103e-05 1.824e-04 -1.000 4.189e-04 0.396 0.321 0.559 -0.075
0.00039019 -1.60000 10.04139 0.8281669617 2.4281911850    0.765  1.750  3.7863  2.669    4  0.000  0.526     0.00     0.00 -1    -1e-30      0.00 7.453e-01 2.543e-01 7.186e-05 2.103e-05 1.824e-04 -1.000 4.188e-04 0.395 0.321 0.559 -0.075
0.00039019 -1.60000 10.04139 0.8282162547 2.4282071590    0.765  1.750  3.7863  2.669    4  0.000  0.526     0.00     0.00 -1    -1e-30      0.00 7.453e-01 2.543e-01 7.186e-05 2.103e-05 1.824e-04 -1.000 4.188e-04 0.395 0.320 0.558 -0.076
0.00039019 -1.60000 10.04139 0.8282680511 2.4282238483    0.765  1.751  3.7860  2.667    4  0.000  0.526     0.00     0.00 -1    -1e-30      0.00 7.453e-01 2.543e-01 7.186e-05 2.103e-05 1.824e-04 -1.000 4.188e-04 0.393 0.319 0.557 -0.078
0.00039019 -1.60000 10.04139 0.8283196092 2.4282405376    0.765  1.752  3.7853  2.663    4  0.000  0.526     0.00     0.00 -1    -1e-30      0.00 7.453e-01 2.543e-01 7.186e-05 2.103e-05 1.824e-04 -1.000 4.189e-04 0.390 0.317 0.556 -0.082
0.00039019 -1.60000 10.04139 0.8283707500 2.4282569885    0.765  1.753  3.7842  2.657    4  0.000  0.526     0.00     0.00 -1    -1e-30      0.00 7.453e-01 2.543e-01 7.186e-05 2.103e-05 1.824e-04 -1.000 4.188e-04 0.386 0.314 0.555 -0.087
0.00039019 -1.60000 10.04139 0.8284202218 2.4282729626    0.765  1.755  3.7828  2.650    4  0.000  0.526     0.00     0.00 -1    -1e-30      0.00 7.453e-01 2.543e-01 7.186e-05 2.103e-05 1.824e-04 -1.000 4.188e-04 0.382 0.310 0.554 -0.093
0.00039019 -1.60000 10.04139 0.8284704089 2.4282891750    0.765  1.757  3.7809  2.640    4  0.000  0.526     0.00     0.00 -1    -1e-30      0.00 7.453e-01 2.543e-01 7.186e-05 2.103e-05 1.824e-04 -1.000 4.188e-04 0.377 0.306 0.553 -0.102
0.00039019 -1.60000 10.04139 0.8285214305 2.4283056259    0.765  1.760  3.7789  2.629    4  0.000  0.526     0.00     0.00 -1    -1e-30      0.00 7.453e-01 2.543e-01 7.186e-05 2.103e-05 1.824e-04 -1.000 4.188e-04 0.370 0.301 0.552 -0.112
0.00039019 -1.60000 10.04139 0.8285460472 2.4283134937    0.765  1.761  3.7779  2.624    4  0.000  0.526     0.00     0.00 -1    -1e-30      0.00 7.453e-01 2.543e-01 7.186e-05 2.103e-05 1.824e-04 -1.000 4.189e-04 0.367 0.298 0.551 -0.117
0.00039019 -1.60000 10.04139 0.8285540342 2.4283161163    0.765  1.762  3.7774  2.622    4  0.000  0.526     0.00     0.00 -1    -1e-30      0.00 7.453e-01 2.543e-01 7.186e-05 2.103e-05 1.824e-04 -1.000 4.188e-04 0.366 0.297 0.551 -0.119
0.00039019 -1.60000 10.04139 0.8286011219 2.4283313751    0.765  1.765  3.7746  2.607    4  0.000  0.526     0.00     0.00 -1    -1e-30      0.00 7.453e-01 2.543e-01 7.186e-05 2.103e-05 1.824e-04 -1.000 4.189e-04 0.357 0.291 0.550 -0.132
0.00039019 -1.60000 10.04139 0.8286470175 2.4283461571    0.765  1.769  3.7720  2.593    4  0.000  0.526     0.00     0.00 -1    -1e-30      0.00 7.453e-01 2.543e-01 7.186e-05 2.103e-05 1.824e-04 -1.000 4.188e-04 0.348 0.284 0.548 -0.145
0.00039019 -1.60000 10.04139 0.8286960721 2.4283618927    0.765  1.773  3.7691  2.577    4  0.000  0.526     0.00     0.00 -1    -1e-30      0.00 7.453e-01 2.543e-01 7.186e-05 2.103e-05 1.824e-04 -1.000 4.188e-04 0.338 0.276 0.545 -0.159
0.00039019 -1.60000 10.04139 0.8287427425 2.4283769131    0.765  1.777  3.7663  2.562    4  0.000  0.526     0.00     0.00 -1    -1e-30      0.00 7.453e-01 2.543e-01 7.186e-05 2.103e-05 1.824e-04 -1.000 4.188e-04 0.326 0.267 0.541 -0.174
0.00039019 -1.60000 10.04139 0.8287875056 2.4283914566    0.765  1.782  3.7639  2.547    4  0.000  0.526     0.00     0.00 -1    -1e-30      0.00 7.453e-01 2.543e-01 7.186e-05 2.103e-05 1.824e-04 -1.000 4.188e-04 0.315 0.257 0.536 -0.189
0.00039019 -1.60000 10.04139 0.8288336992 2.4284062386    0.765  1.787  3.7616  2.533    4  0.000  0.526     0.00     0.00 -1    -1e-30      0.00 7.453e-01 2.543e-01 7.186e-05 2.103e-05 1.824e-04 -1.000 4.188e-04 0.303 0.247 0.530 -0.205
0.00039019 -1.60000 10.04139 0.8288789988 2.4284210205    0.766  1.792  3.7596  2.520    4  0.000  0.526     0.00     0.00 -1    -1e-30      0.00 7.453e-01 2.543e-01 7.186e-05 2.103e-05 1.824e-04 -1.000 4.188e-04 0.290 0.236 0.522 -0.221
0.00039019 -1.60000 10.04139 0.8289247751 2.4284355640    0.766  1.798  3.7576  2.507    4  0.000  0.526     0.00     0.00 -1    -1e-30      0.00 7.453e-01 2.543e-01 7.186e-05 2.103e-05 1.824e-04 -1.000 4.188e-04 0.276 0.223 0.514 -0.237
0.00039019 -1.60000 10.04139 0.8289706707 2.4284505844    0.766  1.804  3.7557  2.493    4  0.000  0.526     0.00     0.00 -1    -1e-30      0.00 7.453e-01 2.543e-01 7.186e-05 2.103e-05 1.824e-04 -1.000 4.188e-04 0.260 0.209 0.504 -0.255
0.00039019 -1.60000 10.04139 0.8290168047 2.4284653664    0.766  1.811  3.7538  2.478    4  0.000  0.526     0.00     0.00 -1    -1e-30      0.00 7.453e-01 2.543e-01 7.186e-05 2.103e-05 1.824e-04 -1.000 4.188e-04 0.242 0.193 0.491 -0.276
0.00039019 -1.60000 10.04139 0.8290259838 2.4284682274    0.766  1.809  3.7547  2.483    4  0.000  0.526     0.00     0.00 -1    -1e-30      0.00 7.453e-01 2.543e-01 7.186e-05 2.103e-05 1.824e-04 -1.000 4.188e-04 0.246 0.197 0.493 -0.270
0.00039019 -1.60000 10.04139 0.8290733695 2.4284834862    0.766  1.822  3.7510  2.456    4  0.000  0.526     0.00     0.00 -1    -1e-30      0.00 7.453e-01 2.543e-01 7.186e-05 2.103e-05 1.824e-04 -1.000 4.188e-04 0.214 0.167 0.471 -0.308
0.00039019 -1.60000 10.04139 0.8291199803 2.4284985065    0.766  1.839  3.7472  2.424    4  0.000  0.526     0.00     0.00 -1    -1e-30      0.00 7.453e-01 2.543e-01 7.186e-05 2.103e-05 1.824e-04 -1.000 4.188e-04 0.172 0.128 0.439 -0.355
0.00039019 -1.60000 10.04139 0.8291592598 2.4285111427    0.766  1.872  3.7410  2.367    4  0.000  0.526     0.00     0.00 -1    -1e-30      0.00 7.453e-01 2.543e-01 7.186e-05 2.103e-05 1.824e-04 -1.000 4.188e-04 0.091 0.053 0.376 -0.444
0.00039019 -1.60000 10.04139 0.8291804790 2.4285180569    0.766  1.909  3.7347  2.304    4  0.000  0.526     0.00     0.00 -1    -1e-30      0.00 7.453e-01 2.543e-01 7.186e-05 2.103e-05 1.824e-04 -1.000 4.188e-04 -0.003 -0.036 0.301 -0.546
0.00039019 -1.60000 10.04139 0.8291901350 2.4285211563    0.766  1.948  3.7290  2.243    4  0.000  0.526     0.00     0.00 -1    -1e-30      0.00 7.453e-01 2.543e-01 7.186e-05 2.103e-05 1.824e-04 -1.000 4.188e-04 -0.099 -0.127 0.222 -0.649
0.00039019 -1.60000 10.04139 0.8291944265 2.4285225868    0.766  1.985  3.7242  2.185    4  0.000  0.526     0.00     0.00 -1    -1e-30      0.00 7.453e-01 2.543e-01 7.186e-05 2.103e-05 1.824e-04 -1.000 4.188e-04 -0.194 -0.216 0.144 -0.749
0.00039019 -1.60000 10.04139 0.8291964531 2.4285233021    0.766  2.021  3.7201  2.133    4  0.000  0.526     0.00     0.00 -1    -1e-30      0.00 7.453e-01 2.543e-01 7.186e-05 2.103e-05 1.824e-04 -1.000 4.188e-04 -0.283 -0.301 0.069 -0.842
0.00039019 -1.60000 10.04139 0.8291972876 2.4285235405    0.766  2.043  3.7178  2.103    7  0.000  0.526     0.00     0.00 -1    -1e-30      0.00 7.453e-01 2.543e-01 7.186e-05 2.103e-05 1.824e-04 -1.000 4.188e-04 -0.337 -0.352 0.023 -0.899
0.00039019 -1.60000 10.04139 0.8291978836 2.4285237789    0.766  2.066  3.7158  2.071    7  0.000  0.526     0.00     0.00 -1    -1e-30      0.00 7.453e-01 2.543e-01 7.186e-05 2.103e-05 1.824e-04 -1.000 4.188e-04 -0.395 -0.407 -0.027 -0.958
0.00039019 -1.60000 10.04139 0.8291990161 2.4285240173    0.766  2.111  3.7119  2.011    7  0.000  0.526     0.00     0.00 -1    -1e-30      0.00 7.453e-01 2.543e-01 7.186e-05 2.103e-05 1.824e-04 -1.000 4.188e-04 -0.508 -0.515 -0.126 -1.075
0.00039019 -1.60000 10.04139 0.8291999698 2.4285242558    0.766  2.144  3.7093  1.967    7  0.000  0.526     0.00     0.00 -1    -1e-30      0.00 7.453e-01 2.543e-01 7.186e-05 2.103e-05 1.824e-04 -1.000 4.188e-04 -0.591 -0.595 -0.199 -1.160
0.00039019 -1.60000 10.04139 0.8292008638 2.4285247326    0.766  2.168  3.7076  1.936    7  0.000  0.526     0.00     0.00 -1    -1e-30      0.00 7.453e-01 2.543e-01 7.186e-05 2.103e-05 1.824e-04 -1.000 4.188e-04 -0.651 -0.652 -0.252 -1.222
0.00039019 -1.60000 10.04139 0.8292030692 2.4285254478    0.766  2.176  3.7071  1.927    7  0.000  0.526     0.00     0.00 -1    -1e-30      0.00 7.453e-01 2.543e-01 7.186e-05 2.103e-05 1.824e-04 -1.000 4.189e-04 -0.670 -0.670 -0.268 -1.241
0.00039019 -1.60000 10.04139 0.8292049170 2.4285259247    0.766  2.161  3.7083  1.947    7  0.000  0.526     0.00     0.00 -1    -1e-30      0.00 7.453e-01 2.543e-01 7.186e-05 2.103e-05 1.824e-04 -1.000 4.188e-04 -0.632 -0.634 -0.236 -1.202
0.00039019 -1.60000 10.04139 0.8292119503 2.4285283089    0.766  2.136  3.7102  1.979    7  0.000  0.526     0.00     0.00 -1    -1e-30      0.00 7.453e-01 2.543e-01 7.186e-05 2.103e-05 1.824e-04 -1.000 4.188e-04 -0.570 -0.575 -0.182 -1.139
0.00039019 -1.60000 10.04139 0.8292419910 2.4285378456    0.766  2.168  3.7074  1.935    7  0.000  0.526     0.00     0.00 -1    -1e-30      0.00 7.453e-01 2.543e-01 7.186e-05 2.103e-05 1.824e-04 -1.000 4.188e-04 -0.651 -0.651 -0.251 -1.221
0.00039019 -1.60000 10.04139 0.8292601109 2.4285438061    0.766  2.206  3.7044  1.886    7  0.000  0.526     0.00     0.00 -1    -1e-30      0.00 7.453e-01 2.543e-01 7.186e-05 2.103e-05 1.824e-04 -1.000 4.188e-04 -0.745 -0.741 -0.332 -1.318
0.00039019 -1.60000 10.04139 0.8292742372 2.4285483360    0.766  2.242  3.7017  1.839    7  0.000  0.526     0.00     0.00 -1    -1e-30      0.00 7.453e-01 2.543e-01 7.186e-05 2.103e-05 1.824e-04 -1.000 4.188e-04 -0.834 -0.826 -0.410 -1.409
0.00039019 -1.60000 10.04139 0.8292908072 2.4285535812    0.766  2.284  3.6986  1.784    7  0.000  0.526     0.00     0.00 -1    -1e-30      0.00 7.453e-01 2.543e-01 7.186e-05 2.103e-05 1.824e-04 -1.000 4.188e-04 -0.941 -0.927 -0.502 -1.518
0.00039019 -1.60000 10.04139 0.8293066621 2.4285585880    0.766  2.327  3.6956  1.730    7  0.000  0.526     0.00     0.00 -1    -1e-30      0.00 7.453e-01 2.543e-01 7.186e-05 2.103e-05 1.824e-04 -1.000 4.188e-04 -1.047 -1.027 -0.594 -1.625
0.00039019 -1.60000 10.04139 0.8293209076 2.4285633564    0.766  2.368  3.6927  1.677    7  0.000  0.526     0.00     0.00 -1    -1e-30      0.00 7.453e-01 2.543e-01 7.186e-05 2.103e-05 1.824e-04 -1.000 4.101e-04 -1.150 -1.124 -0.683 -1.729
0.00039019 -1.60000 10.04139 0.8293335438 2.4285674095    0.766  2.409  3.6898  1.625    7  0.000  0.526     0.00     0.00 -1    -1e-30      0.00 7.453e-01 2.543e-01 7.184e-05 2.103e-05 1.824e-04 -1.000 4.106e-04 -1.252 -1.220 -0.770 -1.832
0.00039019 -1.60000 10.04139 0.8293448687 2.4285709858    0.766  2.449  3.6870  1.573    7  0.000  0.525     0.00     0.00 -1    -1e-30      0.00 7.453e-01 2.543e-01 7.177e-05 2.106e-05 1.824e-04 -1.000 4.095e-04 -1.354 -1.315 -0.857 -1.933
0.00039019 -1.60000 10.04139 0.8293551207 2.4285743237    0.766  2.491  3.6841  1.520    7  0.000  0.523     0.00     0.00 -1    -1e-30      0.00 7.453e-01 2.543e-01 7.151e-05 2.121e-05 1.824e-04 -1.000 4.105e-04 -1.456 -1.415 -0.944 -2.043
0.00039019 -1.60000 10.04139 0.8293643594 2.4285771847    0.766  2.532  3.6812  1.468    7  0.000  0.517     0.00     0.00 -1    -1e-30      0.00 7.452e-01 2.544e-01 7.087e-05 2.174e-05 1.824e-04 -1.000 4.187e-04 -1.559 -1.509 -1.030 -2.143
0.00039019 -1.60000 10.04139 0.8293727636 2.4285800457    0.766  2.572  3.6783  1.415    7  0.000  0.507     0.00     0.00 -1    -1e-30      0.00 7.452e-01 2.544e-01 6.967e-05 2.299e-05 1.824e-04 -1.000 4.177e-04 -1.661 -1.604 -1.113 -2.248
0.00039019 -1.60000 10.04139 0.8293804526 2.4285824299    0.766  2.613  3.6754  1.363    7  0.000  0.496     0.00     0.00 -1    -1e-30      0.00 7.451e-01 2.544e-01 6.814e-05 2.480e-05 1.824e-04 -1.000 4.146e-04 -1.763 -1.699 -1.195 -2.352
0.00039019 -1.60000 10.04139 0.8293876052 2.4285848141    0.766  2.654  3.6725  1.310    7  0.000  0.485     0.00     0.00 -1    -1e-30      0.00 7.450e-01 2.545e-01 6.663e-05 2.665e-05 1.824e-04 -1.000 4.151e-04 -1.865 -1.793 -1.275 -2.456
0.00039019 -1.60000 10.04139 0.8293944597 2.4285869598    0.766  2.695  3.6695  1.258    7  0.000  0.475     0.00     0.00 -1    -1e-30      0.00 7.449e-01 2.546e-01 6.526e-05 2.832e-05 1.824e-04 -1.000 4.179e-04 -1.967 -1.886 -1.353 -2.561
0.00039019 -1.60000 10.04139 0.8294010758 2.4285891056    0.766  2.735  3.6665  1.205    7  0.000  0.467     0.00     0.00 -1    -1e-30      0.00 7.449e-01 2.547e-01 6.411e-05 2.974e-05 1.824e-04 -1.000 4.147e-04 -2.068 -1.978 -1.429 -2.664
0.00039019 -1.60000 10.04139 0.8294075131 2.4285912514    0.766  2.776  3.6635  1.152    7  0.000  0.459     0.00     0.00 -1    -1e-30      0.00 7.447e-01 2.549e-01 6.311e-05 3.097e-05 1.824e-04 -1.000 4.140e-04 -2.171 -2.070 -1.504 -2.767
0.00039019 -1.60000 10.04139 0.8294133544 2.4285929203    0.766  2.817  3.6604  1.099    7  0.000  0.453     0.00     0.00 -1    -1e-30      0.00 7.446e-01 2.550e-01 6.224e-05 3.204e-05 1.823e-04 -1.000 4.188e-04 -2.272 -2.160 -1.577 -2.870
0.00039019 -1.60000 10.04139 0.8294187784 2.4285948277    0.766  2.858  3.6573  1.045    7  0.000  0.448     0.00     0.00 -1    -1e-30      0.00 7.445e-01 2.551e-01 6.148e-05 3.299e-05 1.823e-04 -1.000 4.188e-04 -2.376 -2.250 -1.648 -2.972
0.00039019 -1.60000 10.04139 0.8294234872 2.4285962582    0.766  2.900  3.6540  0.990    7  0.000  0.443     0.00     0.00 -1    -1e-30      0.00 7.444e-01 2.552e-01 6.081e-05 3.382e-05 1.822e-04 -1.000 4.188e-04 -2.481 -2.341 -1.723 -3.073
0.00039019 -1.60000 10.04139 0.8294271827 2.4285974503    0.766  2.941  3.6509  0.937    7  0.000  0.439     0.00     0.00 -1    -1e-30      0.00 7.442e-01 2.554e-01 6.026e-05 3.451e-05 1.821e-04 -1.000 4.189e-04 -2.581 -2.426 -1.792 -3.170
0.00039019 -1.60000 10.04139 0.8294302225 2.4285984039    0.766  2.980  3.6479  0.886    7  0.000  0.436     0.00     0.00 -1    -1e-30      0.00 7.441e-01 2.555e-01 5.980e-05 3.511e-05 1.819e-04 -1.000 4.188e-04 -2.679 -2.507 -1.857 -3.262
0.00039019 -1.60000 10.04139 0.8294333220 2.4285993576    0.766  3.021  3.6446  0.832    7  0.000  0.434     0.00     0.00 -1    -1e-30      0.00 7.439e-01 2.556e-01 5.941e-05 3.566e-05 1.818e-04 -1.000 4.188e-04 -2.782 -2.593 -1.925 -3.359
0.00039019 -1.60000 10.04139 0.8294360638 2.4286003113    0.766  3.060  3.6414  0.779    7  0.000  0.433     0.00     0.00 -1    -1e-30      0.00 7.438e-01 2.557e-01 5.912e-05 3.610e-05 1.816e-04 -1.000 4.188e-04 -2.881 -2.674 -1.988 -3.451
0.00039019 -1.60000 10.04139 0.8294386268 2.4286012650    0.766  3.112  3.6371  0.711    7  0.000  0.431     0.00     0.00 -1    -1e-30      0.00 7.438e-01 2.558e-01 5.885e-05 3.657e-05 1.813e-04 -1.000 4.188e-04 -3.010 -2.778 -2.069 -3.570
0.00039019 -1.60000 10.04139 0.8294388056 2.4286012650    0.766  3.130  3.6357  0.687    7  0.000  0.431     0.00     0.00 -1    -1e-30      0.00 7.438e-01 2.558e-01 5.883e-05 3.660e-05 1.813e-04 -1.000 4.188e-04 -3.054 -2.813 -2.095 -3.610
0.00039019 -1.60000 10.04139 0.8294389248 2.4286012650    0.766  3.144  3.6344  0.668    7  0.000  0.430     0.00     0.00 -1    -1e-30      0.00 7.436e-01 2.559e-01 5.860e-05 3.714e-05 1.810e-04 -1.000 4.185e-04 -3.091 -2.842 -2.117 -3.644
0.00039019 -1.60000 10.04139 0.8294392228 2.4286012650    0.766  3.170  3.6323  0.634    7  0.000  0.430     0.00     0.00 -1    -1e-30      0.00 7.435e-01 2.561e-01 5.844e-05 3.759e-05 1.807e-04 -1.000 4.174e-04 -3.154 -2.893 -2.156 -3.701
0.00039019 -1.60000 10.04139 0.8294396996 2.4286015034    0.766  3.212  3.6288  0.578    7  0.000  0.428     0.00     0.00 -1    -1e-30      0.00 7.433e-01 2.563e-01 5.805e-05 3.851e-05 1.801e-04 -1.000 4.188e-04 -3.259 -2.976 -2.218 -3.796
0.00039019 -1.60000 10.04139 0.8294398785 2.4286015034    0.766  3.223  3.6279  0.563    7  0.549  0.428     0.00     0.00 -1    -1e-30      0.00 7.432e-01 2.563e-01 5.788e-05 3.885e-05 1.799e-04 -1.000 4.188e-04 -3.287 -2.998 -2.235 -3.822
0.00039019 -1.60000 10.04139 0.8294399977 2.4286015034    0.766  3.414  3.6091  0.296    8  0.549  0.390    90.08    43.83  1 -1.18e-06      0.00 7.290e-01 2.706e-01 6.375e-05 5.931e-05 2.177e-04 -1.000 3.691e-04 -3.766 -3.337 -2.449 -4.227
0.00039019 -1.60000 10.04139 0.8294400573 2.4286017418    0.765  3.272  3.6186  0.477    8  0.549  0.390    61.03    31.29  1 -6.14e-07      0.00 7.290e-01 2.706e-01 6.375e-05 5.931e-05 2.177e-04 -1.000 3.690e-04 -3.409 -3.059 -2.246 -3.910
0.00039019 -1.60000 10.04139 0.8294401169 2.4286017418    0.765  3.130  3.6315  0.670    8  0.549  0.390    40.26    21.83  1 -3.15e-07      0.00 7.290e-01 2.706e-01 6.375e-05 5.931e-05 2.177e-04 -1.000 3.691e-04 -3.054 -2.790 -2.055 -3.598
0.00039019 -1.60000 10.04139 0.8294402957 2.4286017418    0.763  2.931  3.6496  0.940    8  0.549  0.390    22.47    13.17  1 -1.19e-07      0.00 7.290e-01 2.706e-01 6.375e-05 5.931e-05 2.177e-04 -1.000 3.691e-04 -2.557 -2.395 -1.757 -3.142
0.00039019 -1.60000 10.04139 0.8294404745 2.4286017418    0.760  2.936  3.6491  0.931    8  0.549  0.390    22.91    13.37  1 -1.24e-07      0.00 7.290e-01 2.706e-01 6.375e-05 5.931e-05 2.177e-04 -1.000 3.691e-04 -2.570 -2.406 -1.764 -3.154
0.00039019 -1.60000 10.04139 0.8294407725 2.4286019802    0.757  3.029  3.6405  0.802    8  0.550  0.390    30.28    16.97  1    -2e-07      0.00 7.290e-01 2.706e-01 6.375e-05 5.931e-05 2.177e-04 -1.000 3.691e-04 -2.802 -2.592 -1.905 -3.369
0.00039019 -1.60000 10.04139 0.8294410706 2.4286019802    0.752  3.180  3.6266  0.593    8  0.550  0.390    47.60    25.02  1 -4.22e-07      0.00 7.290e-01 2.706e-01 6.375e-05 5.931e-05 2.177e-04 -1.000 3.691e-04 -3.181 -2.885 -2.121 -3.710
0.00039019 -1.60000 10.04139 0.8294414282 2.4286019802    0.748  3.312  3.6145  0.410    8  0.550  0.390    70.61    35.06  1 -7.98e-07      0.00 7.290e-01 2.706e-01 6.375e-05 5.931e-05 2.177e-04 -1.000 3.690e-04 -3.510 -3.127 -2.285 -3.994
0.00039019 -1.60000 10.04139 0.8294419050 2.4286022186    0.742  3.399  3.6065  0.288    8  0.551  0.390    91.97    43.87  1 -1.22e-06      0.00 7.290e-01 2.706e-01 6.375e-05 5.931e-05 2.177e-04 -1.000 3.690e-04 -3.727 -3.278 -2.378 -4.176
0.00039019 -1.60000 10.04139 0.8294423819 2.4286024570    0.736  3.446  3.6020  0.219    8  0.551  0.390   106.90    49.73  1 -1.55e-06      0.00 7.290e-01 2.706e-01 6.375e-05 5.931e-05 2.177e-04 -1.000 3.690e-04 -3.846 -3.359 -2.424 -4.273
0.00039019 -1.60000 10.04139 0.8294429183 2.4286024570    0.729  3.471  3.5996  0.180    8  0.552  0.390   116.22    53.16  1 -1.79e-06      0.00 7.290e-01 2.706e-01 6.375e-05 5.931e-05 2.177e-04 -1.000 3.690e-04 -3.908 -3.400 -2.445 -4.323
0.00039019 -1.60000 10.04139 0.8294435143 2.4286026955    0.722  3.487  3.5984  0.155    8  0.552  0.390   122.91    55.44  0 -1.98e-06      0.00 7.290e-01 2.706e-01 6.375e-05 5.931e-05 2.177e-04 -1.000 3.690e-04 -3.948 -3.428 -2.462 -4.357
0.00039019 -1.60000 10.04139 0.8294457793 2.4286034107    0.554 -9.999  4.0000  1.705    9  0.554  0.000     0.00     0.00 -1    -1e-30      0.00 7.290e-01 2.706e-01 6.375e-05 5.931e-05 2.177e-04 -1.000 3.690e-04 29.767 30.043 30.032 30.048
#isochrone terminated
